,Date,Open,High,Low,Close
1664,2020-12-14,2.68,3.5,2.65,3.45
1663,2020-12-11,2.64,2.68,2.61,2.63
1662,2020-12-10,2.6,2.72,2.6,2.68
1661,2020-12-09,2.71,2.76,2.6114,2.67
1660,2020-12-08,2.78,2.812,2.65,2.7
1659,2020-12-07,2.81,2.82,2.72,2.77
1658,2020-12-04,2.75,2.89,2.74,2.81
1657,2020-12-03,2.75,2.8794,2.7,2.75
1656,2020-12-02,2.63,2.86,2.6,2.73
1655,2020-12-01,2.69,2.7378,2.58,2.63
1654,2020-11-30,2.79,2.8,2.53,2.63
1653,2020-11-27,2.71,2.78,2.61,2.78
1652,2020-11-25,2.87,2.89,2.6,2.67
1651,2020-11-24,2.77,2.85,2.68,2.82
1650,2020-11-23,2.6,2.765,2.56,2.65
1649,2020-11-20,2.66,2.67,2.53,2.56
1648,2020-11-19,2.57,2.68,2.5,2.66
1647,2020-11-18,2.72,2.77,2.53,2.57
1646,2020-11-17,2.43,2.73,2.35,2.68
1645,2020-11-16,2.21,2.47,2.18,2.46
1644,2020-11-13,2.12,2.3,2.1,2.14
1643,2020-11-12,2.32,2.32,2.12,2.12
1642,2020-11-11,2.33,2.41,2.28,2.33
1641,2020-11-10,2.8,2.8,2.27,2.38
1640,2020-11-09,3.5,3.56,3.3,3.44
1639,2020-11-06,3.2,3.2195,3.09,3.11
1638,2020-11-05,3.1,3.26,3.09,3.21
1637,2020-11-04,3.15,3.26,3.02,3.06
1636,2020-11-03,3.15,3.27,3.07,3.12
1635,2020-11-02,3.2,3.245,3.13,3.14
1634,2020-10-30,3.1,3.23,3.08,3.21
1633,2020-10-29,3.21,3.25,2.98,3.1
1632,2020-10-28,3.25,3.3962,3.181,3.21
1631,2020-10-27,3.5,3.536,3.38,3.48
1630,2020-10-26,3.56,3.6,3.45,3.5
1629,2020-10-23,3.62,3.62,3.5,3.56
1628,2020-10-22,3.47,3.62,3.47,3.59
1627,2020-10-21,3.47,3.54,3.42,3.48
1626,2020-10-20,3.38,3.6,3.38,3.43
1625,2020-10-19,3.46,3.515,3.38,3.39
1624,2020-10-16,3.5,3.6,3.425,3.44
1623,2020-10-15,3.46,3.51,3.36,3.48
1622,2020-10-14,3.41,3.53,3.41,3.46
1621,2020-10-13,3.5,3.5,3.4,3.4
1620,2020-10-12,3.52,3.59,3.45,3.5
1619,2020-10-09,3.62,3.65,3.5,3.52
1618,2020-10-08,3.51,3.635,3.47,3.6
1617,2020-10-07,3.45,3.51,3.36,3.47
1616,2020-10-06,3.65,3.65,3.44,3.46
1615,2020-10-05,3.6,3.71,3.55,3.57
1614,2020-10-02,3.4,3.57,3.37,3.55
1613,2020-10-01,3.47,3.56,3.445,3.51
1612,2020-09-30,3.7,3.8,3.35,3.36
1611,2020-09-29,3.64,3.765,3.63,3.72
1610,2020-09-28,3.67,3.8,3.65,3.7
1609,2020-09-25,3.57,3.77,3.54,3.65
1608,2020-09-24,3.76,3.76,3.5571,3.6
1607,2020-09-23,3.79,3.99,3.75,3.77
1606,2020-09-22,3.82,3.8912,3.76,3.8
1605,2020-09-21,3.95,4.02,3.73,3.84
1604,2020-09-18,3.94,4.12,3.88,4.03
1603,2020-09-17,3.98,4.2,3.95,3.98
1602,2020-09-16,3.89,4.14,3.89,3.98
1601,2020-09-15,3.93,4.12,3.83,3.9
1600,2020-09-14,3.77,3.99,3.732,3.94
1599,2020-09-11,3.57,3.79,3.57,3.7
1598,2020-09-10,3.42,3.59,3.26,3.56
1597,2020-09-09,3.53,3.55,3.355,3.41
1596,2020-09-08,3.65,3.6762,3.495,3.5
1595,2020-09-04,3.76,3.82,3.62,3.66
1594,2020-09-03,3.7,3.84,3.68,3.7
1593,2020-09-02,3.84,3.84,3.71,3.72
1592,2020-09-01,3.85,3.87,3.75,3.82
1591,2020-08-31,4.04,4.04,3.8783,3.89
1590,2020-08-28,4.0,4.05,3.96,3.98
1589,2020-08-27,3.86,4.06,3.86,4.0
1588,2020-08-26,4.01,4.01,3.82,3.89
1587,2020-08-25,4.0,4.09,3.94,4.03
1586,2020-08-24,3.91,4.02,3.9,3.98
1585,2020-08-21,3.81,4.05,3.81,3.87
1584,2020-08-20,3.84,3.87,3.72,3.78
1583,2020-08-19,3.82,3.94,3.77,3.83
1582,2020-08-18,4.06,4.11,3.83,3.86
1581,2020-08-17,4.19,4.19,4.01,4.06
1580,2020-08-14,4.22,4.2999,4.0,4.19
1579,2020-08-13,4.47,4.5,4.35,4.35
1578,2020-08-12,4.47,4.47,4.31,4.45
1577,2020-08-11,4.31,4.47,4.2866,4.31
1576,2020-08-10,4.15,4.3,4.12,4.24
1575,2020-08-07,3.9,4.1,3.77,4.08
1574,2020-08-06,4.04,4.05,3.9,3.9
1573,2020-08-05,4.03,4.14,3.9051,4.02
1572,2020-08-04,3.86,4.01,3.86,3.94
1571,2020-08-03,3.83,3.93,3.79,3.85
1570,2020-07-31,3.81,3.94,3.76,3.82
1569,2020-07-30,3.9,3.97,3.72,3.91
1568,2020-07-29,4.02,4.03,3.82,3.96
1567,2020-07-28,3.98,4.061,3.82,3.94
1566,2020-07-27,4.04,4.12,3.9698,3.98
1565,2020-07-24,4.2,4.2,4.011,4.02
1564,2020-07-23,4.05,4.19,4.02,4.17
1563,2020-07-22,4.21,4.21,3.91,4.15
1562,2020-07-21,4.15,4.37,4.08,4.12
1561,2020-07-20,4.26,4.38,4.12,4.12
1560,2020-07-17,4.32,4.42,4.18,4.27
1559,2020-07-16,4.45,4.5,4.25,4.35
1558,2020-07-15,4.25,4.5,4.23,4.44
1557,2020-07-14,3.97,4.2,3.97,4.19
1556,2020-07-13,4.22,4.22,3.94,4.05
1555,2020-07-10,4.03,4.22,4.03,4.19
1554,2020-07-09,4.24,4.289,4.02,4.11
1553,2020-07-08,4.07,4.24,4.06,4.23
1552,2020-07-07,4.36,4.36,4.03,4.07
1551,2020-07-06,4.08,4.4,4.08,4.37
1550,2020-07-02,4.12,4.27,4.02,4.09
1549,2020-07-01,4.11,4.25,4.01,4.12
1548,2020-06-30,4.0,4.12,3.81,4.1
1547,2020-06-29,3.52,4.15,3.5,4.0
1546,2020-06-26,3.65,3.686,3.41,3.49
1545,2020-06-25,3.5,3.89,3.5,3.69
1544,2020-06-24,3.85,3.94,3.42,3.62
1543,2020-06-23,4.03,4.12,3.84,3.88
1542,2020-06-22,4.07,4.17,3.88,3.9
1541,2020-06-19,4.55,4.58,3.96,4.12
1540,2020-06-18,4.25,4.52,4.25,4.41
1539,2020-06-17,4.8,4.8,4.25,4.27
1538,2020-06-16,4.85,4.85,4.44,4.48
1537,2020-06-15,4.14,4.58,4.05,4.51
1536,2020-06-12,4.64,4.82,4.205,4.32
1535,2020-06-11,4.53,4.88,4.2,4.22
1534,2020-06-10,5.26,5.49,4.89,4.9
1533,2020-06-09,5.8,5.8,5.31,5.5
1532,2020-06-08,5.55,5.95,5.45,5.83
1531,2020-06-05,5.2,5.44,5.072,5.34
1530,2020-06-04,4.97,5.29,4.76,5.04
1529,2020-06-03,4.52,5.093,4.52,4.85
1528,2020-06-02,4.4,4.459,4.26,4.45
1527,2020-06-01,4.39,4.645,4.32,4.33
1526,2020-05-29,4.7,4.73,4.27,4.39
1525,2020-05-28,4.82,4.86,4.52,4.64
1524,2020-05-27,5.08,5.16,4.63,4.75
1523,2020-05-26,5.24,5.25,5.06,5.1
1522,2020-05-22,5.22,5.35,5.117,5.18
1521,2020-05-21,5.4,5.41,5.11,5.33
1520,2020-05-20,5.24,5.35,5.14,5.32
1519,2020-05-19,5.25,5.38,5.09,5.2
1518,2020-05-18,5.36,5.66,5.19,5.35
1517,2020-05-15,4.95,5.39,4.87,5.39
1516,2020-05-14,4.8,5.19,4.56,5.07
1515,2020-05-13,5.25,5.25,4.63,4.89
1514,2020-05-12,5.34,5.44,5.1,5.24
1513,2020-05-11,5.45,5.615,5.3,5.33
1512,2020-05-08,5.47,5.6,5.26,5.37
1511,2020-05-07,5.2,5.54,4.6,5.52
1510,2020-05-06,5.95,5.95,5.05,5.39
1509,2020-05-05,6.15,6.5,5.32,5.41
1508,2020-05-04,4.93,6.21,4.75,5.91
1507,2020-05-01,5.55,5.66,4.908,5.11
1506,2020-04-30,6.46,6.58,5.31,6.02
1505,2020-04-29,5.8,7.42,5.79,7.03
1504,2020-04-28,5.25,5.88,5.25,5.64
1503,2020-04-27,4.5,5.06,4.41,5.01
1502,2020-04-24,4.46,4.7,4.27,4.41
1501,2020-04-23,4.22,4.68,4.0,4.21
1500,2020-04-22,3.65,4.05,3.65,3.98
1499,2020-04-21,3.98,4.12,3.33,3.48
1498,2020-04-20,3.25,3.751,3.1,3.72
1497,2020-04-17,3.18,3.39,3.05,3.38
1496,2020-04-16,3.07,3.12,2.9,3.03
1495,2020-04-15,3.3,3.33,2.85,2.98
1494,2020-04-14,2.9,3.4,2.86,3.4
1493,2020-04-13,2.4,2.73,2.26,2.7
1492,2020-04-09,2.33,2.475,2.21,2.24
1491,2020-04-08,2.1,2.25,2.05,2.19
1490,2020-04-07,2.18,2.25,2.0,2.04
1489,2020-04-06,2.07,2.15,2.0,2.09
1488,2020-04-03,2.15,2.15,1.9,2.04
1487,2020-04-02,2.0,2.28,1.99,2.11
1486,2020-04-01,2.2,2.269,1.998,2.02
1485,2020-03-31,2.27,2.36,2.16,2.23
1484,2020-03-30,2.42,2.47,2.01,2.09
1483,2020-03-27,2.26,2.39,2.0,2.36
1482,2020-03-26,1.98,2.56,1.9,2.23
1481,2020-03-25,1.68,2.11,1.645,1.88
1480,2020-03-24,1.76,1.84,1.68,1.75
1479,2020-03-23,1.86,1.9,1.62,1.7
1478,2020-03-20,1.82,2.05,1.57,1.9
1477,2020-03-19,1.83,2.15,1.508,1.7
1476,2020-03-18,2.5,2.51,1.8,1.89
1475,2020-03-17,2.94,2.94,2.51,2.59
1474,2020-03-16,2.11,2.839,2.11,2.8
1473,2020-03-13,2.28,2.365,2.12,2.29
1472,2020-03-12,2.33,2.34,2.07,2.12
1471,2020-03-11,2.6,2.69,2.46,2.5
1470,2020-03-10,2.55,2.71,2.25,2.65
1469,2020-03-09,2.7,2.7,2.39,2.39
1468,2020-03-06,3.17,3.25,2.97,2.98
1467,2020-03-05,3.55,3.667,3.31,3.32
1466,2020-03-04,3.72,3.775,3.56,3.57
1465,2020-03-03,3.98,3.98,3.62,3.63
1464,2020-03-02,3.85,4.03,3.69,3.95
1463,2020-02-28,3.72,3.85,3.65,3.79
1462,2020-02-27,3.76,3.922,3.53,3.81
1461,2020-02-26,3.7,3.97,3.69,3.84
1460,2020-02-25,3.96,4.04,3.67,3.68
1459,2020-02-24,3.98,4.11,3.84,3.93
1458,2020-02-21,4.42,4.45,4.07,4.11
1457,2020-02-20,4.05,4.43,4.05,4.4
1456,2020-02-19,4.37,4.4,4.0,4.04
1455,2020-02-18,4.49,4.59,4.37,4.37
1454,2020-02-14,4.86,4.94,4.41,4.45
1453,2020-02-13,5.31,5.635,5.219,5.24
1452,2020-02-12,5.2,5.35,5.11,5.28
1451,2020-02-11,4.99,5.19,4.85,5.07
1450,2020-02-10,5.3,5.34,4.63,4.89
1449,2020-02-07,5.33,5.45,5.11,5.21
1448,2020-02-06,6.26,6.3,4.91,5.24
1447,2020-02-05,10.26,10.49,10.1,10.24
1446,2020-02-04,10.22,10.535,10.08,10.1
1445,2020-02-03,10.22,10.345,9.96,10.17
1444,2020-01-31,10.62,10.65,10.19,10.24
1443,2020-01-30,10.78,10.91,10.57,10.62
1442,2020-01-29,11.31,11.37,10.895,10.91
1441,2020-01-28,11.24,11.47,11.17,11.23
1440,2020-01-27,10.86,11.32,10.52,11.22
1439,2020-01-24,12.51,12.59,11.0,11.15
1438,2020-01-23,13.47,13.47,12.4,12.47
1437,2020-01-22,14.41,14.67,14.27,14.28
1436,2020-01-21,15.4,15.407,14.39,14.41
1435,2020-01-17,15.51,15.564,15.28,15.39
1434,2020-01-16,15.48,15.64,15.4,15.48
1433,2020-01-15,15.42,15.525,15.33,15.47
1432,2020-01-14,15.4,15.65,15.31,15.43
1431,2020-01-13,15.51,15.665,15.35,15.46
1430,2020-01-10,15.37,15.51,15.26,15.51
1429,2020-01-09,15.44,15.54,15.25,15.42
1428,2020-01-08,15.7,15.955,15.4,15.4
1427,2020-01-07,15.5,15.787,15.5,15.7
1426,2020-01-06,15.4,15.71,15.4,15.58
1425,2020-01-03,15.73,15.73,15.47,15.54
1424,2020-01-02,15.66,15.88,15.47,15.63
1423,2019-12-31,15.13,15.67,15.1,15.64
1422,2019-12-30,15.43,15.58,15.1,15.14
1421,2019-12-27,15.73,15.75,15.43,15.43
1420,2019-12-26,15.59,15.72,15.49,15.63
1419,2019-12-24,15.78,15.78,15.556,15.6
1418,2019-12-23,15.85,15.9,15.45,15.7
1417,2019-12-20,15.96,16.02,15.81,15.9
1416,2019-12-19,15.7,16.03,15.7,15.94
1415,2019-12-18,15.1,15.82,15.1,15.71
1414,2019-12-17,15.41,15.74,15.12,15.23
1413,2019-12-16,15.69,16.0,15.35,15.5
1412,2019-12-13,15.55,15.8,15.41,15.54
1411,2019-12-12,15.94,16.2,15.511,15.67
1410,2019-12-11,16.0,16.05,15.3,15.97
1409,2019-12-10,15.49,16.35,15.43,16.02
1408,2019-12-09,14.53,15.19,14.51,15.06
1407,2019-12-06,14.26,14.62,14.18,14.53
1406,2019-12-05,14.84,14.9,14.0,14.3
1405,2019-12-04,14.36,14.793,14.31,14.78
1404,2019-12-03,14.116,14.35,13.77,14.19
1403,2019-12-02,14.61,14.63,14.05,14.05
1402,2019-11-29,14.76,14.88,14.51,14.55
1401,2019-11-27,14.75,15.07,14.71,14.8
1400,2019-11-26,15.13,15.225,14.47,14.71
1399,2019-11-25,15.41,15.51,15.02,15.23
1398,2019-11-22,15.77,16.17,15.39,15.42
1397,2019-11-21,15.45,15.74,15.33,15.61
1396,2019-11-20,15.41,15.5,15.11,15.35
1395,2019-11-19,16.37,16.435,15.4,15.51
1394,2019-11-18,17.0,17.06,16.34,16.53
1393,2019-11-15,17.22,17.25,16.73,17.06
1392,2019-11-14,17.41,17.58,16.8,17.08
1391,2019-11-13,17.67,17.833,17.3,17.3
1390,2019-11-12,17.45,18.1,17.29,17.7
1389,2019-11-11,18.0,18.11,17.26,17.45
1388,2019-11-08,18.32,18.41,17.945,18.1
1387,2019-11-07,19.08,19.08,18.3,18.43
1386,2019-11-06,20.12,20.12,19.31,19.51
1385,2019-11-05,20.07,20.18,19.81,20.12
1384,2019-11-04,20.25,20.28,19.76,19.98
1383,2019-11-01,19.88,20.14,19.81,20.14
1382,2019-10-31,19.96,19.96,19.57,19.81
1381,2019-10-30,20.14,20.2,19.495,19.89
1380,2019-10-29,20.24,20.26,19.88,20.01
1379,2019-10-28,20.34,20.47,20.2,20.35
1378,2019-10-25,20.31,20.58,20.27,20.28
1377,2019-10-24,20.46,20.5,20.08,20.31
1376,2019-10-23,19.97,20.5,19.83,20.46
1375,2019-10-22,19.98,20.0,19.79,19.92
1374,2019-10-21,19.69,20.01,19.69,19.88
1373,2019-10-18,19.87,19.87,19.61,19.66
1372,2019-10-17,19.85,20.05,19.73,19.86
1371,2019-10-16,19.64,20.02,19.64,19.85
1370,2019-10-15,19.9,20.2,19.64,19.64
1369,2019-10-14,19.8,19.945,19.635,19.86
1368,2019-10-11,19.85,20.01,19.78,19.85
1367,2019-10-10,19.31,19.717,19.31,19.69
1366,2019-10-09,19.26,19.37,18.97,19.18
1365,2019-10-08,19.21,19.21,18.855,19.05
1364,2019-10-07,18.85,19.43,18.85,19.23
1363,2019-10-04,18.5,18.88,18.47,18.82
1362,2019-10-03,18.22,18.47,18.09,18.38
1361,2019-10-02,18.6,18.67,18.22,18.22
1360,2019-10-01,18.98,19.36,18.61,18.66
1359,2019-09-30,19.01,19.09,18.73,18.98
1358,2019-09-27,18.96,19.27,18.91,19.12
1357,2019-09-26,19.11,19.22,18.8,18.98
1356,2019-09-25,19.3,19.3,18.94,19.11
1355,2019-09-24,19.45,19.52,19.11,19.3
1354,2019-09-23,19.5,19.53,19.27,19.38
1353,2019-09-20,19.55,19.77,19.42,19.48
1352,2019-09-19,19.48,19.85,19.48,19.62
1351,2019-09-18,19.89,19.92,19.44,19.47
1350,2019-09-17,20.07,20.17,19.65,19.87
1349,2019-09-16,19.88,20.3,19.88,20.07
1348,2019-09-13,19.3,19.86,19.3,19.61
1347,2019-09-12,19.25,19.29,18.94,19.14
1346,2019-09-11,19.79,19.957,19.21,19.32
1345,2019-09-10,19.74,20.16,19.59,19.85
1344,2019-09-09,19.21,19.85,19.18,19.7
1343,2019-09-06,19.28,19.28,18.97,19.13
1342,2019-09-05,19.12,19.33,19.04,19.23
1341,2019-09-04,19.0,19.08,18.76,18.97
1340,2019-09-03,18.81,19.0,18.61,18.88
1339,2019-08-30,19.06,19.15,18.72,18.95
1338,2019-08-29,19.02,19.04,18.82,18.93
1337,2019-08-28,18.28,18.89,18.26,18.75
1336,2019-08-27,18.7,18.758,18.29,18.29
1335,2019-08-26,19.3,19.4,18.56,18.65
1334,2019-08-23,19.28,19.443,19.02,19.16
1333,2019-08-22,19.64,19.715,19.17,19.33
1332,2019-08-21,19.4,19.7,19.32,19.61
1331,2019-08-20,19.24,19.32,19.1,19.18
1330,2019-08-19,18.48,19.203,18.47,19.13
1329,2019-08-16,17.98,18.43,17.98,18.21
1328,2019-08-15,18.2,18.39,17.83,17.98
1327,2019-08-14,18.64,18.64,18.13,18.16
1326,2019-08-13,18.5,18.98,18.36,18.76
1325,2019-08-12,18.88,19.04,18.57,18.65
1324,2019-08-09,19.25,19.34,18.69,18.88
1323,2019-08-08,19.19,19.31,18.96,19.14
1322,2019-08-07,19.48,19.48,19.0,19.27
1321,2019-08-06,19.8,20.02,19.34,19.58
1320,2019-08-05,19.95,20.31,19.76,19.81
1319,2019-08-02,20.96,21.15,20.3,20.49
1318,2019-08-01,21.61,21.89,21.43,21.55
1317,2019-07-31,21.61,21.84,21.52,21.55
1316,2019-07-30,21.17,21.65,21.079,21.59
1315,2019-07-29,21.95,21.95,21.16,21.21
1314,2019-07-26,21.85,21.95,21.67,21.94
1313,2019-07-25,21.74,21.89,21.667,21.85
1312,2019-07-24,21.51,21.85,21.499,21.76
1311,2019-07-23,21.46,21.55,21.29,21.52
1310,2019-07-22,21.26,21.37,21.05,21.36
1309,2019-07-19,21.22,21.25,20.93,21.22
1308,2019-07-18,21.12,21.29,21.06,21.22
1307,2019-07-17,21.52,21.564,21.17,21.31
1306,2019-07-16,21.69,21.73,21.41,21.46
1305,2019-07-15,21.73,21.73,21.55,21.63
1304,2019-07-12,21.5,21.71,21.355,21.68
1303,2019-07-11,21.29,21.53,21.07,21.44
1302,2019-07-10,21.29,21.41,21.05,21.1
1301,2019-07-09,21.55,21.57,21.06,21.1
1300,2019-07-08,21.48,21.63,21.391,21.63
1299,2019-07-05,21.24,21.48,21.22,21.48
1298,2019-07-03,21.24,21.3,21.06,21.26
1297,2019-07-02,21.13,21.14,20.84,21.11
1296,2019-07-01,21.39,21.45,21.15,21.16
1295,2019-06-28,21.0,21.39,20.9,21.23
1294,2019-06-27,21.06,21.27,20.98,21.26
1293,2019-06-26,20.66,21.3,20.592,20.96
1292,2019-06-25,20.87,21.15,20.49,20.6
1291,2019-06-24,21.34,21.34,20.86,21.19
1290,2019-06-21,21.45,21.53,21.23,21.51
1289,2019-06-20,21.6,21.6,21.175,21.37
1288,2019-06-19,21.26,21.41,21.18,21.39
1287,2019-06-18,21.3,21.48,21.18,21.34
1286,2019-06-17,21.12,21.2,20.992,21.17
1285,2019-06-14,21.05,21.1,20.81,21.09
1284,2019-06-13,20.57,21.0,20.52,20.93
1283,2019-06-12,20.56,20.65,20.32,20.36
1282,2019-06-11,20.91,20.98,20.63,20.65
1281,2019-06-10,21.04,21.045,20.74,20.75
1280,2019-06-07,21.0,21.19,20.85,20.94
1279,2019-06-06,21.52,21.52,20.9,20.97
1278,2019-06-05,21.8,21.8,21.245,21.44
1277,2019-06-04,21.7,21.81,21.48,21.76
1276,2019-06-03,21.17,21.64,21.17,21.51
1275,2019-05-31,20.76,21.5,20.55,21.13
1274,2019-05-30,21.21,21.227,20.83,20.9
1273,2019-05-29,20.94,21.15,20.62,21.12
1272,2019-05-28,21.45,21.45,21.077,21.17
1271,2019-05-24,21.16,21.42,21.085,21.26
1270,2019-05-23,21.1,21.12,20.8,20.98
1269,2019-05-22,21.5,21.5,20.95,21.21
1268,2019-05-21,21.15,21.5,21.12,21.46
1267,2019-05-20,21.1,21.14,20.822,21.12
1266,2019-05-17,21.15,21.48,21.1,21.13
1265,2019-05-16,21.05,21.43,21.04,21.27
1264,2019-05-15,20.75,21.03,20.66,20.99
1263,2019-05-14,20.87,20.91,20.53,20.74
1262,2019-05-13,20.95,20.96,20.53,20.66
1261,2019-05-10,20.52,20.91,20.351,20.86
1260,2019-05-09,20.49,20.5,19.9,20.36
1259,2019-05-08,20.68,20.77,20.46,20.51
1258,2019-05-07,20.57,20.79,20.52,20.62
1257,2019-05-06,20.59,21.0,20.59,20.82
1256,2019-05-03,20.62,21.075,20.62,20.89
1255,2019-05-02,21.0,21.16,20.82,21.1
1254,2019-05-01,21.15,21.264,20.97,21.05
1253,2019-04-30,20.98,21.139,20.827,21.06
1252,2019-04-29,20.81,20.88,20.6,20.78
1251,2019-04-26,20.87,21.0,20.65,20.81
1250,2019-04-25,20.5,21.0,20.24,20.9
1249,2019-04-24,20.32,20.39,20.12,20.24
1248,2019-04-23,20.01,20.54,20.01,20.28
1247,2019-04-22,19.97,20.22,19.75,20.09
1246,2019-04-18,20.65,20.65,19.75,19.95
1245,2019-04-17,21.34,21.5,19.06,20.68
1244,2019-04-16,22.46,22.46,22.0,22.03
1243,2019-04-15,22.15,22.36,22.0,22.32
1242,2019-04-12,22.35,22.442,22.08,22.15
1241,2019-04-11,22.24,22.245,21.97,22.15
1240,2019-04-10,21.95,22.21,21.5,22.19
1239,2019-04-09,22.2,22.26,21.82,21.84
1238,2019-04-08,22.53,22.75,22.106,22.26
1237,2019-04-05,22.35,22.7,22.35,22.53
1236,2019-04-04,22.39,22.485,22.27,22.35
1235,2019-04-03,22.83,23.0,22.25,22.34
1234,2019-04-02,22.5,22.9,22.33,22.83
1233,2019-04-01,22.73,23.0,22.56,22.99
1232,2019-03-29,22.7,22.7,22.26,22.63
1231,2019-03-28,22.45,22.669,22.17,22.39
1230,2019-03-27,22.76,22.79,22.43,22.61
1229,2019-03-26,22.51,22.905,22.36,22.7
1228,2019-03-25,22.3,22.61,22.17,22.34
1227,2019-03-22,22.92,22.92,22.25,22.3
1226,2019-03-21,22.95,23.145,22.73,22.99
1225,2019-03-20,22.75,23.0,22.611,22.87
1224,2019-03-19,22.95,22.97,22.6,22.71
1223,2019-03-18,22.97,23.0,22.72,22.89
1222,2019-03-15,22.28,22.86,22.28,22.86
1221,2019-03-14,22.16,22.39,22.092,22.29
1220,2019-03-13,22.3,22.42,22.07,22.1
1219,2019-03-12,22.05,22.24,22.01,22.21
1218,2019-03-11,21.91,22.17,21.85,21.99
1217,2019-03-08,21.9,22.21,21.52,21.79
1216,2019-03-07,22.0,22.09,21.78,21.84
1215,2019-03-06,22.25,22.292,22.0,22.09
1214,2019-03-05,22.28,22.325,22.0,22.25
1213,2019-03-04,22.0,22.27,21.92,22.26
1212,2019-03-01,22.22,22.34,21.86,21.88
1211,2019-02-28,22.41,22.48,22.1,22.1
1210,2019-02-27,22.24,22.55,22.09,22.51
1209,2019-02-26,22.32,22.59,22.278,22.3
1208,2019-02-25,22.35,22.49,22.205,22.46
1207,2019-02-22,22.64,22.64,22.23,22.26
1206,2019-02-21,22.67,22.85,22.41,22.43
1205,2019-02-20,23.0,23.055,22.56,22.67
1204,2019-02-19,23.0,23.38,22.98,23.01
1203,2019-02-15,22.91,23.37,22.63,23.15
1202,2019-02-14,22.58,23.02,22.405,22.85
1201,2019-02-13,22.41,22.6,22.325,22.47
1200,2019-02-12,22.39,22.459,22.12,22.35
1199,2019-02-11,22.13,22.23,21.82,22.11
1198,2019-02-08,21.99,22.2,21.83,22.13
1197,2019-02-07,22.57,22.57,21.85,21.99
1196,2019-02-06,23.11,23.22,22.97,23.07
1195,2019-02-05,22.69,23.18,22.67,23.11
1194,2019-02-04,22.65,22.8,22.4,22.7
1193,2019-02-01,22.75,22.9,22.25,22.62
1192,2019-01-31,22.93,23.28,22.59,22.69
1191,2019-01-30,22.35,23.2,21.85,22.89
1190,2019-01-29,21.39,21.72,21.223,21.63
1189,2019-01-28,20.81,21.28,20.66,21.26
1188,2019-01-25,21.18,21.18,20.76,21.05
1187,2019-01-24,20.75,21.05,20.62,20.98
1186,2019-01-23,21.03,21.14,20.63,20.75
1185,2019-01-22,21.36,21.36,20.73,20.92
1184,2019-01-18,20.94,21.56,20.9,21.4
1183,2019-01-17,20.55,21.05,20.51,20.82
1182,2019-01-16,20.96,21.11,20.74,20.81
1181,2019-01-15,21.1,21.37,20.84,20.96
1180,2019-01-14,21.12,21.47,20.99,21.16
1179,2019-01-11,21.58,21.63,21.15,21.26
1178,2019-01-10,21.83,21.84,21.45,21.58
1177,2019-01-09,22.0,22.11,21.75,21.84
1176,2019-01-08,21.8,22.0,21.5,21.88
1175,2019-01-07,22.11,22.15,21.42,21.58
1174,2019-01-04,20.68,22.03,20.39,22.03
1173,2019-01-03,20.17,20.76,20.01,20.27
1172,2019-01-02,19.74,20.51,19.45,20.21
1171,2018-12-31,18.81,20.19,18.81,19.8
1170,2018-12-28,19.09,19.11,17.97,18.74
1169,2018-12-27,19.18,19.19,18.55,18.79
1168,2018-12-26,18.67,19.44,18.67,19.38
1167,2018-12-24,18.84,19.27,18.63,18.67
1166,2018-12-21,19.25,20.08,18.99,19.0
1165,2018-12-20,20.11,20.42,19.28,19.36
1164,2018-12-19,20.45,20.87,19.94,20.18
1163,2018-12-18,20.9,20.96,19.82,20.28
1162,2018-12-17,22.2,22.2,20.58,20.76
1161,2018-12-14,22.14,22.27,21.9,22.25
1160,2018-12-13,22.35,22.37,22.02,22.25
1159,2018-12-12,22.49,22.66,22.29,22.41
1158,2018-12-11,22.22,22.401,22.0,22.23
1157,2018-12-10,22.45,22.45,21.68,21.99
1156,2018-12-07,22.61,22.92,22.36,22.48
1155,2018-12-06,22.05,22.47,21.6501,22.43
1154,2018-12-04,22.97,22.97,22.12,22.22
1153,2018-12-03,23.15,23.315,22.74,22.99
1152,2018-11-30,23.14,23.23,22.72,23.01
1151,2018-11-29,22.9,23.345,22.8,23.17
1150,2018-11-28,23.03,23.27,22.78,22.95
1149,2018-11-27,22.6,23.29,22.28,22.98
1148,2018-11-26,23.07,23.39,22.6,22.66
1147,2018-11-23,23.52,23.52,22.88,22.89
1146,2018-11-21,23.07,23.75,23.05,23.66
1145,2018-11-20,23.75,23.855,22.75,22.79
1144,2018-11-19,24.58,24.58,23.98,24.06
1143,2018-11-16,24.1,24.64,23.77,24.64
1142,2018-11-15,23.83,24.29,23.62,24.02
1141,2018-11-14,23.7,23.98,23.42,23.84
1140,2018-11-13,24.34,24.41,23.615,23.7
1139,2018-11-12,24.46,24.7,24.21,24.27
1138,2018-11-09,24.75,24.775,24.18,24.54
1137,2018-11-08,25.02,25.04,24.7,24.72
1136,2018-11-07,25.02,25.18,24.7,25.04
1135,2018-11-06,24.81,25.05,24.7,25.05
1134,2018-11-05,24.85,25.01,24.7,24.84
1133,2018-11-02,25.12,25.26,24.7,24.81
1132,2018-11-01,25.0,25.99,25.0,25.43
1131,2018-10-31,25.06,25.16,24.84,24.85
1130,2018-10-30,24.86,25.25,24.8,25.0
1129,2018-10-29,25.2,25.2,24.37,24.78
1128,2018-10-26,25.26,25.267,24.87,25.09
1127,2018-10-25,24.9,25.32,24.67,25.26
1126,2018-10-24,24.82,25.247,24.693,24.78
1125,2018-10-23,25.2,25.2,24.8,24.91
1124,2018-10-22,25.05,25.46,25.0,25.45
1123,2018-10-19,25.37,25.37,25.0,25.04
1122,2018-10-18,25.16,25.42,24.97,25.16
1121,2018-10-17,25.31,25.5,24.9,25.18
1120,2018-10-16,24.94,25.49,24.738,25.32
1119,2018-10-15,24.8,25.07,24.735,24.85
1118,2018-10-12,24.8,24.92,24.46,24.87
1117,2018-10-11,24.32,25.07,24.26,24.83
1116,2018-10-10,25.13,25.18,24.53,24.56
1115,2018-10-09,25.03,25.3,24.83,25.14
1114,2018-10-08,25.13,25.33,24.928,25.07
1113,2018-10-05,25.3,25.46,25.02,25.05
1112,2018-10-04,25.39,25.45,25.08,25.3
1111,2018-10-03,25.3,25.6,25.13,25.4
1110,2018-10-02,25.43,25.48,25.101,25.29
1109,2018-10-01,25.0,25.46,24.895,25.24
1108,2018-09-28,24.7,25.0,24.55,25.0
1107,2018-09-27,24.7,24.9,24.639,24.85
1106,2018-09-26,25.05,25.301,24.525,24.65
1105,2018-09-25,24.9,25.05,24.7,25.0
1104,2018-09-24,24.7,25.05,24.6,24.65
1103,2018-09-21,25.05,25.15,24.65,24.7
1102,2018-09-20,24.9,25.0,24.75,25.0
1101,2018-09-19,24.85,24.9,24.68,24.75
1100,2018-09-18,24.85,25.05,24.7,24.75
1099,2018-09-17,24.4,24.9,24.4,24.8
1098,2018-09-14,24.55,24.65,24.301,24.5
1097,2018-09-13,24.55,24.85,24.5,24.65
1096,2018-09-12,24.4,24.6,24.4,24.55
1095,2018-09-11,24.1,24.4,24.1,24.25
1094,2018-09-10,24.3,24.645,24.1,24.15
1093,2018-09-07,24.05,24.345,24.0,24.1
1092,2018-09-06,24.15,24.15,23.75,24.05
1091,2018-09-05,23.9,24.0,23.45,24.0
1090,2018-09-04,24.15,24.3,23.8,23.85
1089,2018-08-31,24.4,24.45,24.2,24.3
1088,2018-08-30,24.6,24.675,24.305,24.5
1087,2018-08-29,24.9,25.025,24.6,24.65
1086,2018-08-28,25.1,25.25,24.85,24.85
1085,2018-08-27,25.05,25.4,24.99,25.1
1084,2018-08-24,25.05,25.35,25.0,25.0
1083,2018-08-23,25.4,25.402,24.934,25.15
1082,2018-08-22,25.0,25.4,24.905,25.35
1081,2018-08-21,25.45,25.55,24.99,25.0
1080,2018-08-20,24.65,25.6,24.65,25.45
1079,2018-08-17,24.6,24.9,24.55,24.55
1078,2018-08-16,24.65,24.975,24.55,24.8
1077,2018-08-15,24.65,24.75,24.475,24.6
1076,2018-08-14,24.65,24.85,24.475,24.7
1075,2018-08-13,24.6,24.9,24.5,24.5
1074,2018-08-10,24.75,24.9,24.586,24.75
1073,2018-08-09,24.7,24.75,24.35,24.6
1072,2018-08-08,24.47,24.5,24.2,24.35
1071,2018-08-07,24.45,24.5,24.3,24.45
1070,2018-08-06,24.6,24.7,24.25,24.5
1069,2018-08-03,24.35,24.7,24.2,24.5
1068,2018-08-02,25.0,25.3,24.9,25.05
1067,2018-08-01,25.25,25.25,24.85,24.9
1066,2018-07-31,25.25,25.25,24.95,25.15
1065,2018-07-30,24.7,25.3,24.7,25.15
1064,2018-07-27,25.05,25.05,24.45,24.45
1063,2018-07-26,24.45,25.145,24.25,25.05
1062,2018-07-25,24.25,24.5,24.2,24.45
1061,2018-07-24,24.05,24.3,24.0,24.25
1060,2018-07-23,23.95,24.15,23.85,24.0
1059,2018-07-20,24.3,24.3,23.9,24.05
1058,2018-07-19,24.05,24.3,23.798,24.25
1057,2018-07-18,23.7,24.15,23.5,24.1
1056,2018-07-17,23.25,23.55,23.2,23.45
1055,2018-07-16,23.4,23.451,23.2,23.3
1054,2018-07-13,23.4,23.55,23.25,23.35
1053,2018-07-12,23.7,23.7,23.3,23.35
1052,2018-07-11,23.65,23.8,23.4,23.55
1051,2018-07-10,24.0,24.0,23.7,23.7
1050,2018-07-09,24.05,24.1,23.75,23.8
1049,2018-07-06,23.7,24.15,23.7,23.9
1048,2018-07-05,23.7,24.15,23.6,23.9
1047,2018-07-03,23.6,23.8,23.6,23.7
1046,2018-07-02,23.7,23.85,23.4,23.5
1045,2018-06-29,24.0,24.0,23.65,23.85
1044,2018-06-28,24.15,24.15,23.6,23.85
1043,2018-06-27,24.3,24.8,24.1,24.15
1042,2018-06-26,24.05,24.35,24.0,24.15
1041,2018-06-25,24.2,24.4,24.0,24.05
1040,2018-06-22,24.55,24.8,24.35,24.4
1039,2018-06-21,24.55,24.7,24.25,24.3
1038,2018-06-20,24.3,24.8,24.23,24.5
1037,2018-06-19,24.0,24.35,23.95,24.25
1036,2018-06-18,23.9,24.2,23.8,23.9
1035,2018-06-15,24.0,24.1,23.8,23.9
1034,2018-06-14,23.95,24.12,23.95,24.0
1033,2018-06-13,23.95,24.15,23.9,24.0
1032,2018-06-12,24.1,24.3,23.9,24.0
1031,2018-06-11,23.9,24.35,23.9,24.15
1030,2018-06-08,24.05,24.1,23.9,23.95
1029,2018-06-07,24.1,24.55,24.05,24.2
1028,2018-06-06,24.0,24.15,23.95,24.0
1027,2018-06-05,24.3,24.3,24.05,24.05
1026,2018-06-04,24.3,24.55,24.0,24.25
1025,2018-06-01,24.6,24.85,23.8,24.1
1024,2018-05-31,24.5,24.85,24.4,24.45
1023,2018-05-30,24.6,25.05,24.15,24.65
1022,2018-05-29,24.35,24.65,24.35,24.6
1021,2018-05-25,24.25,24.45,23.78,24.4
1020,2018-05-24,24.05,24.6,24.05,24.35
1019,2018-05-23,24.0,24.25,23.75,24.05
1018,2018-05-22,24.0,24.35,23.95,24.15
1017,2018-05-21,23.8,24.2,23.7,24.05
1016,2018-05-18,23.8,23.95,23.6,23.7
1015,2018-05-17,24.15,24.3,23.8,23.85
1014,2018-05-16,24.2,24.35,24.05,24.15
1013,2018-05-15,24.25,24.55,24.15,24.25
1012,2018-05-14,24.1,24.65,24.1,24.45
1011,2018-05-11,24.4,24.545,24.1,24.15
1010,2018-05-10,24.15,24.25,23.848,24.25
1009,2018-05-09,24.65,24.8,24.05,24.15
1008,2018-05-08,24.1,24.6,23.55,24.55
1007,2018-05-07,23.75,24.3,23.75,24.15
1006,2018-05-04,22.95,23.75,22.55,23.65
1005,2018-05-03,23.8,23.8,23.3,23.35
1004,2018-05-02,24.0,24.0,23.45,23.8
1003,2018-05-01,23.7,24.0,23.5,24.0
1002,2018-04-30,23.45,23.8,23.45,23.75
1001,2018-04-27,23.75,23.82,23.3,23.4
1000,2018-04-26,23.55,23.8,23.25,23.6
999,2018-04-25,23.2,23.65,23.2,23.6
998,2018-04-24,23.8,23.95,23.2,23.35
997,2018-04-23,24.4,24.55,23.75,23.75
996,2018-04-20,24.35,24.45,24.15,24.45
995,2018-04-19,24.55,24.55,24.2,24.45
994,2018-04-18,24.5,24.75,24.4,24.55
993,2018-04-17,24.65,24.85,24.35,24.45
992,2018-04-16,24.15,24.65,23.95,24.6
991,2018-04-13,24.0,24.35,23.85,24.05
990,2018-04-12,24.3,24.3,23.85,24.1
989,2018-04-11,24.1,24.45,24.0,24.3
988,2018-04-10,23.8,24.4,23.8,24.1
987,2018-04-09,24.15,24.4,23.55,23.55
986,2018-04-06,24.2,24.35,23.85,24.05
985,2018-04-05,23.55,24.295,23.495,24.25
984,2018-04-04,23.45,24.0,23.15,23.6
983,2018-04-03,23.4,23.7,23.05,23.55
982,2018-04-02,23.3,23.75,23.226,23.4
981,2018-03-29,23.0,23.6,23.0,23.3
980,2018-03-28,23.35,23.45,22.95,23.05
979,2018-03-27,23.25,23.75,23.1,23.25
978,2018-03-26,23.65,23.65,23.05,23.3
977,2018-03-23,23.15,23.7,23.15,23.25
976,2018-03-22,23.25,23.3,22.6,23.25
975,2018-03-21,23.05,23.6,23.05,23.15
974,2018-03-20,23.6,23.9,22.9,23.0
973,2018-03-19,24.1,24.1,23.25,23.45
972,2018-03-16,23.55,24.3,23.5,24.1
971,2018-03-15,24.0,24.25,23.15,23.6
970,2018-03-14,24.2,24.35,23.9,24.0
969,2018-03-13,23.7,24.35,23.605,24.3
968,2018-03-12,23.45,23.75,23.3,23.65
967,2018-03-09,23.1,23.4,23.1,23.3
966,2018-03-08,23.2,23.25,23.005,23.05
965,2018-03-07,22.95,23.35,22.895,23.0
964,2018-03-06,23.7,23.85,23.15,23.15
963,2018-03-05,23.4,24.025,23.4,23.55
962,2018-03-02,23.35,23.614,23.3,23.5
961,2018-03-01,23.55,23.8,23.35,23.5
960,2018-02-28,23.85,24.05,23.4,23.5
959,2018-02-27,24.05,24.25,23.7,23.9
958,2018-02-26,23.75,24.6,23.65,24.2
957,2018-02-23,23.55,23.9,23.35,23.65
956,2018-02-22,23.25,24.0,23.25,23.35
955,2018-02-21,22.85,23.3,22.6,23.2
954,2018-02-20,22.5,22.9,22.455,22.75
953,2018-02-16,23.1,23.4,22.55,22.55
952,2018-02-15,23.25,23.5,23.08,23.15
951,2018-02-14,22.8,23.45,22.65,23.1
950,2018-02-13,23.0,23.3,22.6,22.65
949,2018-02-12,23.3,23.35,22.75,23.05
948,2018-02-09,23.1,23.1,22.15,22.95
947,2018-02-08,23.75,23.945,23.05,23.1
946,2018-02-07,24.75,25.2,24.0,24.05
945,2018-02-06,23.5,24.825,23.5,24.75
944,2018-02-05,23.2,24.675,23.05,23.75
943,2018-02-02,23.9,24.0,23.05,23.2
942,2018-02-01,23.6,24.15,23.55,24.15
941,2018-01-31,23.9,24.2,23.6,23.7
940,2018-01-30,24.2,24.3,23.7,23.85
939,2018-01-29,25.0,25.0,24.15,24.35
938,2018-01-26,25.0,25.172,24.8,24.95
937,2018-01-25,25.0,25.4,24.7,25.05
936,2018-01-24,25.4,25.5,25.0,25.0
935,2018-01-23,25.2,25.45,25.065,25.35
934,2018-01-22,24.55,25.05,24.45,25.05
933,2018-01-19,24.15,24.812,24.15,24.65
932,2018-01-18,24.65,24.65,24.05,24.2
931,2018-01-17,24.25,24.65,24.25,24.5
930,2018-01-16,24.85,25.35,24.2,24.25
929,2018-01-12,24.75,25.0,24.58,24.85
928,2018-01-11,24.55,24.805,24.395,24.65
927,2018-01-10,24.55,24.9,24.25,24.35
926,2018-01-09,24.95,24.95,24.25,24.55
925,2018-01-08,24.65,24.95,24.25,24.75
924,2018-01-05,25.45,25.45,24.6,24.9
923,2018-01-04,25.5,25.55,25.15,25.35
922,2018-01-03,25.25,25.5,25.1,25.4
921,2018-01-02,24.75,25.3,24.75,25.15
920,2017-12-29,24.75,24.9,24.475,24.75
919,2017-12-28,24.5,24.75,24.28,24.55
918,2017-12-27,24.5,24.65,24.1,24.2
917,2017-12-26,23.95,24.25,23.85,24.15
916,2017-12-22,23.7,23.95,23.5,23.85
915,2017-12-21,23.3,23.85,23.3,23.6
914,2017-12-20,23.05,23.25,23.0,23.2
913,2017-12-19,23.2,23.5,22.95,23.0
912,2017-12-18,23.0,23.7,23.0,23.2
911,2017-12-15,22.7,22.95,22.7,22.75
910,2017-12-14,22.5,23.0,22.5,22.65
909,2017-12-13,22.7,22.88,22.45,22.45
908,2017-12-12,22.6,23.15,22.45,22.65
907,2017-12-11,22.65,22.7,22.305,22.6
906,2017-12-08,22.35,22.75,22.2,22.45
905,2017-12-07,22.05,22.3,22.0,22.25
904,2017-12-06,22.2,22.35,21.9,22.05
903,2017-12-05,22.25,22.5,22.0,22.05
902,2017-12-04,22.35,22.7,22.25,22.3
901,2017-12-01,22.05,22.45,21.85,22.3
900,2017-11-30,22.3,22.5,21.9,22.1
899,2017-11-29,22.55,22.85,22.05,22.05
898,2017-11-28,22.7,22.95,22.4,22.45
897,2017-11-27,22.8,22.95,22.7,22.75
896,2017-11-24,22.7,23.0,22.65,22.85
895,2017-11-22,22.55,22.95,22.55,22.7
894,2017-11-21,23.0,23.15,22.45,22.45
893,2017-11-20,22.85,23.15,22.55,22.95
892,2017-11-17,22.55,23.0,22.35,22.85
891,2017-11-16,22.75,23.05,22.55,22.6
890,2017-11-15,22.6,22.95,22.5,22.65
889,2017-11-14,23.2,23.4,22.75,22.8
888,2017-11-13,23.5,23.6,23.05,23.15
887,2017-11-10,23.5,23.7,23.15,23.35
886,2017-11-09,23.3,23.9,23.3,23.5
885,2017-11-08,23.7,23.85,23.3,23.4
884,2017-11-07,23.6,23.85,23.3,23.85
883,2017-11-06,23.5,23.62,23.05,23.6
882,2017-11-03,23.25,23.45,22.925,23.05
881,2017-11-02,23.7,24.05,23.4,23.6
880,2017-11-01,24.0,24.3,23.35,23.75
879,2017-10-31,24.25,24.25,23.45,23.75
878,2017-10-30,24.2,24.7,23.85,24.15
877,2017-10-27,23.7,24.3,23.35,24.05
876,2017-10-26,23.4,23.95,23.25,23.65
875,2017-10-25,23.3,23.36,22.6,23.3
874,2017-10-24,23.2,23.475,23.1755,23.3
873,2017-10-23,23.2,23.6,23.0,23.0
872,2017-10-20,23.4,23.55,23.1,23.25
871,2017-10-19,23.4,23.7,23.25,23.3
870,2017-10-18,23.55,23.9,23.35,23.5
869,2017-10-17,23.9,23.95,23.55,23.6
868,2017-10-16,23.5,23.9,23.5,23.7
867,2017-10-13,23.6,23.8,23.5,23.5
866,2017-10-12,23.35,23.6,23.15,23.55
865,2017-10-11,23.1,23.4,23.0,23.3
864,2017-10-10,23.5,23.7,23.1,23.15
863,2017-10-09,23.4,23.7,23.3,23.45
862,2017-10-06,23.6,23.8,23.25,23.4
861,2017-10-05,23.65,23.85,23.6498,23.8
860,2017-10-04,23.4,23.7,23.3,23.6
859,2017-10-03,23.2,23.5,22.9,23.375
858,2017-10-02,23.15,23.35,22.6,23.15
857,2017-09-29,23.55,23.85,22.95,23.25
856,2017-09-28,23.4,23.4,23.05,23.3
855,2017-09-27,23.5,23.5,23.2,23.4
854,2017-09-26,23.4,23.55,23.2,23.4
853,2017-09-25,23.5,23.75,23.35,23.4
852,2017-09-22,23.5,23.75,23.35,23.4
851,2017-09-21,23.8,23.8,23.38,23.55
850,2017-09-20,23.55,23.9,23.45,23.85
849,2017-09-19,23.2,23.55,23.1,23.4
848,2017-09-18,22.75,23.2,22.45,23.15
847,2017-09-15,22.75,22.85,22.45,22.55
846,2017-09-14,22.35,22.75,22.3,22.5
845,2017-09-13,22.15,22.55,22.15,22.3
844,2017-09-12,22.45,22.55,22.2,22.2
843,2017-09-11,22.55,22.65,22.25,22.4
842,2017-09-08,22.35,22.6002,22.15,22.35
841,2017-09-07,22.55,22.65,22.3,22.3
840,2017-09-06,22.7,22.8,22.45,22.5
839,2017-09-05,23.0,23.2,22.65,22.65
838,2017-09-01,22.85,22.95,22.7,22.8
837,2017-08-31,22.8,23.0,22.625,22.7
836,2017-08-30,22.8,23.1,22.7,22.7
835,2017-08-29,22.8,23.25,22.7,22.85
834,2017-08-28,23.5,23.5,22.95,22.95
833,2017-08-25,23.3,23.6,23.2,23.5
832,2017-08-24,23.3,23.45,23.1,23.3
831,2017-08-23,23.0,23.65,23.0,23.3
830,2017-08-22,22.75,23.2,22.75,23.15
829,2017-08-21,23.1,23.1,22.55,22.7
828,2017-08-18,22.85,23.2,22.755,23.15
827,2017-08-17,22.75,23.2,22.75,22.8
826,2017-08-16,22.85,23.15,22.75,22.9
825,2017-08-15,23.1,23.1,22.8379,22.9
824,2017-08-14,23.1,23.5,22.95,22.95
823,2017-08-11,22.9,23.2,22.25,23.1
822,2017-08-10,23.25,23.4,22.9,23.05
821,2017-08-09,23.15,23.45,23.15,23.3
820,2017-08-08,23.55,23.9,23.2,23.3
819,2017-08-07,23.75,23.95,23.5,23.7
818,2017-08-04,23.4,23.9,23.2,23.75
817,2017-08-03,23.9,24.2,23.35,23.4
816,2017-08-02,24.5,24.85,23.85,24.4
815,2017-08-01,25.0,25.0,23.2,24.55
814,2017-07-31,25.4,25.4,24.45,24.75
813,2017-07-28,25.1,25.45,24.8,25.0
812,2017-07-27,24.5,25.1,24.25,25.1
811,2017-07-26,24.65,25.0,24.6,24.6
810,2017-07-25,24.75,24.9,24.35,24.55
809,2017-07-24,24.4,24.65,24.1,24.5
808,2017-07-21,24.4,24.5,24.0,24.275
807,2017-07-20,24.8,24.8,24.15,24.3
806,2017-07-19,24.5,24.8,24.405,24.55
805,2017-07-18,24.3,24.65,24.3,24.3
804,2017-07-17,24.25,24.65,24.105,24.25
803,2017-07-14,24.1,24.35,24.05,24.2
802,2017-07-13,24.0,24.15,23.6067,24.0
801,2017-07-12,23.5,24.1,23.5,23.9
800,2017-07-11,23.15,23.61,23.105,23.45
799,2017-07-10,23.1,23.55,22.97,23.3
798,2017-07-07,22.95,23.2,22.65,23.0
797,2017-07-06,23.6,23.8,22.9,23.05
796,2017-07-05,23.9,24.0,23.5,23.6
795,2017-07-03,22.6,24.0,22.6,23.9
794,2017-06-30,23.1,23.3,22.5,22.65
793,2017-06-29,23.2,23.2,22.65,22.85
792,2017-06-28,22.75,23.35,22.6,23.05
791,2017-06-27,23.3,23.45,22.55,22.65
790,2017-06-26,22.9,23.325,22.6,23.1
789,2017-06-23,22.6,23.05,22.42,23.0
788,2017-06-22,21.95,22.75,21.95,22.55
787,2017-06-21,22.0,22.3,21.9,21.95
786,2017-06-20,22.0,22.25,21.8,22.0
785,2017-06-19,22.55,22.55,22.05,22.05
784,2017-06-16,22.4,22.675,22.2,22.35
783,2017-06-15,22.95,22.95,22.15,22.2
782,2017-06-14,23.4,23.4151,22.85,23.0
781,2017-06-13,23.0,23.6,22.8,23.5
780,2017-06-12,22.45,22.8,22.3,22.8
779,2017-06-09,22.55,22.7,22.3,22.45
778,2017-06-08,22.25,22.6037,22.2,22.45
777,2017-06-07,22.4,22.65,22.05,22.35
776,2017-06-06,22.25,22.55,22.05,22.45
775,2017-06-05,22.4,22.5,22.15,22.25
774,2017-06-02,22.7,22.75,22.2,22.3
773,2017-06-01,22.15,22.9,22.05,22.75
772,2017-05-31,22.6,22.733,21.85,21.9
771,2017-05-30,23.1,23.1,22.55,22.6
770,2017-05-26,22.6,23.15,22.55,23.1
769,2017-05-25,23.15,23.25,22.55,22.6
768,2017-05-24,23.7,23.7,22.9,23.15
767,2017-05-23,23.35,23.7,23.1,23.6
766,2017-05-22,23.45,23.55,23.0,23.3
765,2017-05-19,22.75,23.65,22.6,23.4
764,2017-05-18,22.45,22.9,22.45,22.55
763,2017-05-17,22.7,22.9,22.45,22.55
762,2017-05-16,23.0,23.2,22.85,22.9
761,2017-05-15,23.0,23.35,22.85,23.05
760,2017-05-12,23.15,23.65,22.725,22.85
759,2017-05-11,23.4,23.5,22.95,23.1
758,2017-05-10,23.0,24.96,23.0,23.5
757,2017-05-09,23.6,23.6,22.85,23.0
756,2017-05-08,23.9,24.0,23.25,23.5
755,2017-05-05,23.0,23.75,23.0,23.7
754,2017-05-04,23.95,23.95,22.65,23.0
753,2017-05-03,24.6,24.8,24.05,24.15
752,2017-05-02,25.2,25.2,24.2,24.55
751,2017-05-01,24.15,25.2,24.15,25.2
750,2017-04-28,24.15,24.45,23.8,23.85
749,2017-04-27,24.45,24.7,23.95,24.1
748,2017-04-26,24.25,24.5,24.0,24.0
747,2017-04-25,24.2,24.4,24.0,24.25
746,2017-04-24,23.85,24.355,23.75,24.05
745,2017-04-21,23.6,23.95,23.25,23.8
744,2017-04-20,23.6,23.65,23.3,23.6
743,2017-04-19,23.95,23.95,23.4,23.5
742,2017-04-18,23.35,23.95,23.3,23.8
741,2017-04-17,23.5,23.75,23.25,23.5
740,2017-04-13,23.65,23.945,23.35,23.4
739,2017-04-12,23.8,24.1,23.505,23.65
738,2017-04-11,23.65,23.95,23.5,23.95
737,2017-04-10,23.7,24.15,23.6,23.75
736,2017-04-07,23.6,23.75,23.35,23.7
735,2017-04-06,23.3,23.75,23.3,23.55
734,2017-04-05,23.95,24.1,23.2,23.3
733,2017-04-04,23.95,24.07,23.65,23.8
732,2017-04-03,24.65,24.7,23.8,23.85
731,2017-03-31,24.3,24.65,24.05,24.5
730,2017-03-30,24.15,24.8,24.0,24.35
729,2017-03-29,23.95,24.55,23.95,24.05
728,2017-03-28,23.75,24.3,23.6,24.0
727,2017-03-27,24.0,24.05,23.5,23.7
726,2017-03-24,24.2,24.6,23.7,24.05
725,2017-03-23,23.65,24.2,23.4,24.05
724,2017-03-22,23.8,23.95,23.2,23.65
723,2017-03-21,24.55,24.7,23.7,23.8
722,2017-03-20,24.2,24.45,23.9,24.3
721,2017-03-17,24.4,24.85,24.15,24.3
720,2017-03-16,24.65,24.65,23.8,24.3
719,2017-03-15,23.9,24.65,23.9,24.55
718,2017-03-14,24.05,24.15,23.65,23.95
717,2017-03-13,24.1,24.65,23.9,24.15
716,2017-03-10,23.75,24.55,23.45,24.2
715,2017-03-09,23.4,23.6,22.6,23.45
714,2017-03-08,24.05,24.06,23.45,23.55
713,2017-03-07,24.15,24.25,23.65,24.0
712,2017-03-06,24.25,24.4,24.0,24.25
711,2017-03-03,24.1,24.6,24.0,24.45
710,2017-03-02,24.3,24.8,23.85,24.05
709,2017-03-01,24.05,24.35,23.6,24.35
708,2017-02-28,23.05,23.8,23.0,23.8
707,2017-02-27,23.7,23.85,23.05,23.25
706,2017-02-24,23.55,23.8,23.4,23.7
705,2017-02-23,23.25,23.7,23.15,23.55
704,2017-02-22,23.8,23.85,23.2,23.2
703,2017-02-21,24.0,24.2,23.65,23.7
702,2017-02-17,23.85,24.0,23.5,23.9
701,2017-02-16,23.8,24.2,23.6,23.85
700,2017-02-15,24.25,24.25,23.55,23.65
699,2017-02-14,23.6,24.05,23.3,24.05
698,2017-02-13,23.3,23.5,23.075,23.45
697,2017-02-10,22.95,23.35,22.85,23.1
696,2017-02-09,22.4,23.15,22.4,22.85
695,2017-02-08,22.5,22.6,22.1,22.3
694,2017-02-07,22.95,22.95,22.15,22.45
693,2017-02-06,22.8,23.1,22.6,22.9
692,2017-02-03,22.2,22.7,21.8864,22.55
691,2017-02-02,22.45,22.45,21.75,22.0
690,2017-02-01,23.0,23.3717,22.3,22.75
689,2017-01-31,22.3,23.0,22.0,22.9
688,2017-01-30,22.25,22.5,21.55,22.25
687,2017-01-27,21.9,22.4,21.7,22.25
686,2017-01-26,20.85,21.45,20.795,21.25
685,2017-01-25,20.7,21.2,20.6,20.75
684,2017-01-24,20.25,20.75,20.2,20.6
683,2017-01-23,21.5,22.05,21.35,22.05
682,2017-01-20,21.1,21.65,21.05,21.55
681,2017-01-19,21.05,21.1,20.4,20.85
680,2017-01-18,20.8,21.025,20.65,20.95
679,2017-01-17,21.75,21.77,20.75,20.95
678,2017-01-13,21.6,22.0,21.55,21.65
677,2017-01-12,21.85,22.0,21.5,21.55
676,2017-01-11,21.6,21.85,21.1,21.75
675,2017-01-10,21.85,22.7,21.5,21.55
674,2017-01-09,21.65,21.85,21.45,21.8
673,2017-01-06,21.25,21.8,21.05,21.8
672,2017-01-05,21.45,21.8,21.2,21.2
671,2017-01-04,21.25,21.5,21.1,21.25
670,2017-01-03,21.0,21.25,20.75,21.2
669,2016-12-30,20.5,20.625,20.1,20.55
668,2016-12-29,19.85,20.5,19.8,20.5
667,2016-12-28,20.0,20.15,19.75,19.9
666,2016-12-27,19.65,20.0,19.555,20.0
665,2016-12-23,20.25,20.3,19.55,19.55
664,2016-12-22,20.1,20.33,20.0,20.15
663,2016-12-21,20.2,20.4,20.0,20.0
662,2016-12-20,20.0,20.3,19.85,20.25
661,2016-12-19,20.15,20.15,19.7,19.9
660,2016-12-16,20.1,20.45,19.9,20.0
659,2016-12-15,19.8,20.2,19.65,20.05
658,2016-12-14,20.4,20.45,19.8,19.8
657,2016-12-13,20.55,20.7,20.3,20.55
656,2016-12-12,21.0,21.0,20.25,20.4
655,2016-12-09,20.65,21.0,20.6,20.75
654,2016-12-08,20.3,20.8,20.25,20.75
653,2016-12-07,20.6,20.85,20.2,20.3
652,2016-12-06,20.55,20.75,20.45,20.5
651,2016-12-05,20.85,21.1,20.5,20.6
650,2016-12-02,20.55,21.15,20.55,20.6
649,2016-12-01,20.4,21.0,20.3,20.65
648,2016-11-30,20.5,21.15,20.25,20.35
647,2016-11-29,20.75,21.1,20.2,20.25
646,2016-11-28,20.95,21.45,20.676,20.85
645,2016-11-25,20.65,21.0,20.35,20.95
644,2016-11-23,20.4,20.8,20.25,20.65
643,2016-11-22,20.15,20.75,20.1,20.55
642,2016-11-21,20.1,20.55,20.05,20.15
641,2016-11-18,19.95,20.25,19.7,19.75
640,2016-11-17,20.55,20.85,19.9,19.9
639,2016-11-16,20.85,20.95,20.2,20.3
638,2016-11-15,20.4,21.1,20.3,20.75
637,2016-11-14,20.5,20.65,20.1,20.2
636,2016-11-11,20.25,20.6,19.9591,20.4
635,2016-11-10,20.5,20.6,20.15,20.16
634,2016-11-09,19.55,20.6,19.5,20.5
633,2016-11-08,19.85,20.2,19.7119,19.8
632,2016-11-07,19.6,20.2,19.6,19.85
631,2016-11-04,19.6,19.85,19.3,19.5
630,2016-11-03,20.0,20.3,19.1,19.75
629,2016-11-02,20.7,20.9,20.45,20.6
628,2016-11-01,20.7,21.0,20.5,20.95
627,2016-10-31,20.9,20.9,20.25,20.5
626,2016-10-28,21.3,21.35,20.6,20.75
625,2016-10-27,21.4,21.84,21.05,21.25
624,2016-10-26,21.6,21.675,21.1,21.25
623,2016-10-25,21.95,21.95,21.4,21.6
622,2016-10-24,21.55,21.96,21.4,21.9
621,2016-10-21,21.6,21.65,21.2,21.4
620,2016-10-20,20.85,21.75,20.85,21.7
619,2016-10-19,20.95,21.25,20.7,21.0
618,2016-10-18,20.35,21.05,20.25,20.85
617,2016-10-17,20.4,20.75,20.05,20.25
616,2016-10-14,20.51,20.68,20.11,20.49
615,2016-10-13,20.9,21.25,20.4,20.49
614,2016-10-12,21.23,21.3785,20.75,21.15
613,2016-10-11,21.25,21.41,21.09,21.35
612,2016-10-10,21.04,21.5676,21.04,21.48
611,2016-10-07,21.45,21.5,20.89,21.0
610,2016-10-06,21.29,21.5,21.235,21.36
609,2016-10-05,21.57,21.625,21.01,21.2
608,2016-10-04,21.46,21.51,21.155,21.37
607,2016-10-03,21.7,21.7,21.11,21.34
606,2016-09-30,21.4,21.82,20.98,21.79
605,2016-09-29,21.25,21.44,20.7,21.17
604,2016-09-28,21.04,21.28,20.35,21.17
603,2016-09-27,20.45,21.13,20.05,20.86
602,2016-09-26,19.94,20.55,19.93,20.5
601,2016-09-23,19.85,20.12,19.85,20.09
600,2016-09-22,19.93,20.15,19.7,20.02
599,2016-09-21,19.4,19.86,19.26,19.65
598,2016-09-20,19.2,19.47,19.15,19.3
597,2016-09-19,19.57,19.9,19.18,19.25
596,2016-09-16,19.44,19.65,19.42,19.46
595,2016-09-15,19.59,19.7199,19.46,19.46
594,2016-09-14,19.47,19.64,19.3375,19.51
593,2016-09-13,19.66,19.76,19.09,19.5
592,2016-09-12,19.33,19.85,19.19,19.6
591,2016-09-09,19.12,20.1399,19.12,19.51
590,2016-09-08,20.69,20.85,20.4,20.44
589,2016-09-07,20.24,20.7,19.91,20.67
588,2016-09-06,20.48,20.48,20.05,20.25
587,2016-09-02,20.19,20.49,20.11,20.33
586,2016-09-01,19.8,20.42,19.76,20.12
585,2016-08-31,19.84,20.045,19.54,19.84
584,2016-08-30,19.95,20.14,19.7178,19.83
583,2016-08-29,19.59,20.023,19.545,19.83
582,2016-08-26,19.89,20.1,19.47,19.65
581,2016-08-25,19.91,20.05,19.61,19.86
580,2016-08-24,20.36,20.38,19.9,20.05
579,2016-08-23,20.1,20.44,20.092,20.41
578,2016-08-22,19.89,20.22,19.86,20.1
577,2016-08-19,20.3,20.3,19.89,20.11
576,2016-08-18,20.32,20.69,20.2886,20.42
575,2016-08-17,20.44,20.46,19.93,20.14
574,2016-08-16,19.97,20.43,19.5556,20.35
573,2016-08-15,19.18,19.97,19.1545,19.91
572,2016-08-12,19.01,19.32,18.85,19.19
571,2016-08-11,18.96,19.15,18.86,18.87
570,2016-08-10,18.91,19.16,18.91,18.98
569,2016-08-09,19.25,19.25,18.82,18.91
568,2016-08-08,19.24,19.44,18.96,19.01
567,2016-08-05,18.95,19.155,18.82,18.9
566,2016-08-04,19.17,19.35,18.85,18.94
565,2016-08-03,19.35,19.68,19.12,19.5
564,2016-08-02,19.25,19.55,19.1,19.19
563,2016-08-01,21.98,21.99,21.0,21.0
562,2016-07-29,20.9,22.0,20.9,22.0
561,2016-07-28,20.43,21.22,20.02,20.85
560,2016-07-27,20.25,20.58,20.05,20.06
559,2016-07-26,20.06,20.49,20.06,20.33
558,2016-07-25,20.13,20.19,20.05,20.07
557,2016-07-22,19.98,20.47,19.953,20.37
556,2016-07-21,20.4,20.49,19.9,20.02
555,2016-07-20,20.13,20.519,19.77,20.39
554,2016-07-19,20.48,20.54,20.05,20.18
553,2016-07-18,20.4,20.645,20.3012,20.48
552,2016-07-15,20.36,20.5,20.24,20.43
551,2016-07-14,20.14,20.88,20.015,20.42
550,2016-07-13,20.11,20.72,19.6791,19.94
549,2016-07-12,19.98,20.6299,19.98,20.25
548,2016-07-11,19.6,19.9,19.6,19.67
547,2016-07-08,19.11,19.61,19.11,19.47
546,2016-07-07,19.34,19.87,18.98,19.11
545,2016-07-06,19.0,19.5,18.9,19.33
544,2016-07-05,19.73,19.73,18.9,18.98
543,2016-07-01,18.98,20.3,18.81,19.8
542,2016-06-30,19.31,19.35,18.7,18.98
541,2016-06-29,19.25,19.47,19.0,19.3
540,2016-06-28,18.98,19.5189,18.69,18.8
539,2016-06-27,19.05,19.33,18.11,18.33
538,2016-06-24,19.31,19.6899,18.95,19.3
537,2016-06-23,19.44,20.15,19.33,19.94
536,2016-06-22,19.12,19.4416,18.955,19.13
535,2016-06-21,18.74,19.36,18.7198,19.12
534,2016-06-20,18.84,19.15,18.54,18.71
533,2016-06-17,18.01,19.2003,18.01,18.57
532,2016-06-16,18.5,18.67,18.0,18.56
531,2016-06-15,18.64,18.97,18.08,18.63
530,2016-06-14,19.34,19.37,18.53,18.63
529,2016-06-13,20.07,20.3,19.1127,19.41
528,2016-06-10,20.26,20.73,20.11,20.3
527,2016-06-09,20.48,20.93,20.21,20.55
526,2016-06-08,20.93,21.25,20.393,20.53
525,2016-06-07,20.43,21.285,20.26,20.97
524,2016-06-06,19.78,20.37,19.6,20.23
523,2016-06-03,19.54,19.971,19.25,19.36
522,2016-06-02,19.93,19.93,19.12,19.5
521,2016-06-01,20.19,20.5,19.94,20.05
520,2016-05-31,19.62,20.35,19.61,20.32
519,2016-05-27,19.71,19.89,19.3932,19.8
518,2016-05-26,19.57,19.89,19.57,19.82
517,2016-05-25,18.92,19.69,18.92,19.53
516,2016-05-24,18.42,18.89,18.25,18.89
515,2016-05-23,18.92,18.93,18.37,18.54
514,2016-05-20,18.6,18.98,18.4352,18.92
513,2016-05-19,18.29,18.55,17.83,18.48
512,2016-05-18,19.28,19.28,18.335,18.53
511,2016-05-17,19.24,19.64,19.0,19.19
510,2016-05-16,18.89,19.4899,18.8782,19.05
509,2016-05-13,19.24,19.4899,18.61,18.61
508,2016-05-12,19.65,19.75,18.61,19.25
507,2016-05-11,18.85,19.64,18.66,19.6
506,2016-05-10,17.76,18.94,17.7,18.86
505,2016-05-09,17.62,17.84,17.3,17.63
504,2016-05-06,17.58,18.419,17.26,17.44
503,2016-05-05,18.54,18.81,17.51,17.61
502,2016-05-04,18.36,19.53,18.36,18.88
501,2016-05-03,18.36,18.37,17.9101,18.33
500,2016-05-02,17.83,18.7,17.735,18.58
499,2016-04-29,18.24,18.73,17.6605,17.91
498,2016-04-28,18.26,19.21,18.08,18.16
497,2016-04-27,18.55,19.35,18.1,18.28
496,2016-04-26,18.77,18.88,18.12,18.48
495,2016-04-25,19.75,19.75,18.36,18.73
494,2016-04-22,19.11,19.77,18.85,19.62
493,2016-04-21,18.5,19.04,18.26,18.92
492,2016-04-20,18.25,18.5,18.0,18.37
491,2016-04-19,18.07,18.49,18.03,18.28
490,2016-04-18,17.85,18.12,17.48,18.07
489,2016-04-15,17.54,18.42,17.54,17.87
488,2016-04-14,17.54,17.81,17.26,17.7
487,2016-04-13,18.01,18.19,17.56,17.6
486,2016-04-12,17.31,17.83,17.15,17.83
485,2016-04-11,16.89,17.69,16.89,17.1
484,2016-04-08,16.15,17.18,16.15,16.74
483,2016-04-07,16.41,16.8,16.3778,16.46
482,2016-04-06,15.75,16.71,15.71,16.42
481,2016-04-05,15.71,16.132,15.58,15.61
480,2016-04-04,16.41,16.45,15.54,15.71
479,2016-04-01,16.38,16.96,16.35,16.45
478,2016-03-31,16.14,16.6789,16.14,16.63
477,2016-03-30,16.55,16.77,16.1,16.14
476,2016-03-29,16.0,16.4399,15.63,16.25
475,2016-03-28,16.48,16.75,16.05,16.13
474,2016-03-24,15.88,16.36,15.2169,16.27
473,2016-03-23,16.9,16.9,16.03,16.03
472,2016-03-22,16.62,17.2,16.5,16.99
471,2016-03-21,17.13,17.13,16.7,16.8
470,2016-03-18,17.3,17.3,16.75,17.1
469,2016-03-17,16.71,17.3,16.5,17.19
468,2016-03-16,16.76,17.04,16.35,16.44
467,2016-03-15,16.34,16.79,15.92,16.33
466,2016-03-14,16.85,16.97,16.4,16.56
465,2016-03-11,16.92,17.3,16.85,17.1
464,2016-03-10,16.54,16.89,16.04,16.8
463,2016-03-09,16.36,16.78,16.295,16.5
462,2016-03-08,16.84,16.89,15.7024,16.16
461,2016-03-07,16.81,17.3,16.8,16.98
460,2016-03-04,16.78,16.95,16.32,16.7
459,2016-03-03,16.41,17.3,16.25,16.86
458,2016-03-02,15.46,16.46,15.2857,16.37
457,2016-03-01,15.48,15.89,15.1,15.59
456,2016-02-29,14.9,15.58,14.88,15.33
455,2016-02-26,14.68,14.99,14.5,14.92
454,2016-02-25,14.36,14.68,14.13,14.48
453,2016-02-24,14.03,14.7,13.66,14.32
452,2016-02-23,13.91,14.38,13.66,14.29
451,2016-02-22,14.22,14.306,13.89,14.0
450,2016-02-19,13.93,14.222,13.58,13.97
449,2016-02-18,14.25,14.25,13.86,14.0
448,2016-02-17,13.49,14.39,13.39,14.01
447,2016-02-16,13.35,13.71,12.97,13.21
446,2016-02-12,12.74,13.38,12.74,13.0
445,2016-02-11,12.92,13.0606,12.21,12.55
444,2016-02-10,13.22,13.65,12.96,13.29
443,2016-02-09,13.49,13.6,12.26,13.29
442,2016-02-08,13.61,13.73,12.16,13.65
441,2016-02-05,13.9,14.095,13.6,13.78
440,2016-02-04,13.83,14.2399,13.52,13.99
439,2016-02-03,14.6,14.6,13.6118,14.12
438,2016-02-02,14.49,14.84,14.07,14.21
437,2016-02-01,14.77,14.9,14.25,14.44
436,2016-01-29,14.65,14.9,13.96,14.3
435,2016-01-28,13.1,14.3,12.7059,14.25
434,2016-01-27,12.1,12.7,11.85,12.02
433,2016-01-26,11.71,12.0,11.52,11.98
432,2016-01-25,11.09,11.93,11.03,11.36
431,2016-01-22,11.0,11.9799,10.93,11.25
430,2016-01-21,9.9,10.75,9.9,10.55
429,2016-01-20,10.45,10.45,9.57,10.0
428,2016-01-19,11.47,11.47,10.5,10.53
427,2016-01-15,11.01,11.24,10.9,11.13
426,2016-01-14,11.4,11.7299,10.72,11.53
425,2016-01-13,12.13,12.36,11.16,11.28
424,2016-01-12,12.43,12.45,11.31,11.99
423,2016-01-11,12.5,12.87,11.55,12.29
422,2016-01-08,13.19,13.56,12.801,12.91
421,2016-01-07,13.95,14.09,13.06,13.1
420,2016-01-06,14.41,14.41,13.98,14.16
419,2016-01-05,14.35,14.69,13.9,14.64
418,2016-01-04,14.12,14.83,13.94,14.25
417,2015-12-31,13.23,14.38,13.23,14.22
416,2015-12-30,13.54,13.75,13.2501,13.41
415,2015-12-29,13.66,13.9,13.36,13.61
414,2015-12-28,13.8,13.9,13.51,13.64
413,2015-12-24,13.9,13.9,13.57,13.86
412,2015-12-23,12.92,13.9,12.92,13.85
411,2015-12-22,12.75,13.3,12.51,12.91
410,2015-12-21,13.52,13.52,12.33,12.67
409,2015-12-18,13.0,13.27,12.13,12.89
408,2015-12-17,14.83,14.83,13.14,13.31
407,2015-12-16,14.87,14.9,14.47,14.9
406,2015-12-15,14.3,14.9,14.01,14.87
405,2015-12-14,15.14,15.25,13.7,14.06
404,2015-12-11,16.36,16.37,15.33,15.36
403,2015-12-10,16.51,16.8,16.2501,16.45
402,2015-12-09,16.01,17.58,16.01,16.62
401,2015-12-08,15.9,16.619,15.61,15.97
400,2015-12-07,16.26,16.41,15.09,16.15
399,2015-12-04,16.72,17.04,16.232,16.65
398,2015-12-03,17.44,17.56,16.86,16.89
397,2015-12-02,17.71,17.71,17.16,17.29
396,2015-12-01,18.23,18.25,17.77,17.83
395,2015-11-30,17.98,18.48,17.68,18.02
394,2015-11-27,17.89,17.92,17.38,17.8
393,2015-11-25,17.3,18.23,16.99,18.16
392,2015-11-24,16.23,17.55,16.21,17.46
391,2015-11-23,16.36,16.37,15.75,16.08
390,2015-11-20,16.43,16.81,16.1001,16.37
389,2015-11-19,16.38,16.57,15.7,16.5
388,2015-11-18,16.41,16.52,16.05,16.35
387,2015-11-17,16.72,16.73,15.975,16.2
386,2015-11-16,16.49,16.97,16.232,16.66
385,2015-11-13,15.75,16.73,15.75,16.49
384,2015-11-12,16.21,16.51,16.0,16.13
383,2015-11-11,16.9,16.9,16.23,16.48
382,2015-11-10,17.15,17.5,16.78,16.88
381,2015-11-09,17.87,17.89,16.91,17.33
380,2015-11-06,17.66,18.0,17.5,17.89
379,2015-11-05,18.18,18.268,17.4,17.94
378,2015-11-04,19.12,19.18,18.24,18.53
377,2015-11-03,18.75,19.25,18.75,18.92
376,2015-11-02,18.51,18.9899,18.51,18.68
375,2015-10-30,18.5,19.0781,18.03,18.51
374,2015-10-29,18.64,19.48,18.35,18.49
373,2015-10-28,17.67,18.77,17.67,18.35
372,2015-10-27,17.81,17.97,17.36,17.64
371,2015-10-26,18.5,18.61,17.5,18.0
370,2015-10-23,18.7,18.74,18.47,18.51
369,2015-10-22,18.79,19.04,18.5,18.7
368,2015-10-21,18.8,19.15,18.5,18.53
367,2015-10-20,18.67,19.1199,18.43,18.73
366,2015-10-19,18.99,19.1999,18.64,18.87
365,2015-10-16,18.68,19.048,18.581,18.98
364,2015-10-15,18.57,18.93,18.32,18.64
363,2015-10-14,17.99,18.98,17.976,18.66
362,2015-10-13,18.28,18.62,18.02,18.07
361,2015-10-12,18.3535,18.68,18.25,18.39
360,2015-10-09,18.4,18.679,18.16,18.46
359,2015-10-08,18.6,18.75,18.05,18.4
358,2015-10-07,18.27,18.9299,17.83,18.54
357,2015-10-06,17.7,18.61,17.7,18.05
356,2015-10-05,17.5,18.0999,17.4,17.59
355,2015-10-02,16.51,17.43,16.06,17.24
354,2015-10-01,16.15,17.17,15.82,16.87
353,2015-09-30,14.64,16.2299,14.59,16.13
352,2015-09-29,14.55,15.2899,14.26,14.37
351,2015-09-28,15.28,15.46,14.31,14.61
350,2015-09-25,15.61,15.714,15.1,15.29
349,2015-09-24,14.8,15.9,14.07,15.68
348,2015-09-23,15.78,15.7899,14.75,14.77
347,2015-09-22,16.16,16.19,15.19,15.5
346,2015-09-21,16.6,16.99,16.16,16.26
345,2015-09-18,17.15,17.85,16.47,16.47
344,2015-09-17,17.67,17.82,17.38,17.58
343,2015-09-16,17.16,17.82,17.12,17.72
342,2015-09-15,16.88,17.48,16.88,17.12
341,2015-09-14,17.44,17.5799,16.61,16.9
340,2015-09-11,18.2,18.23,17.24,17.24
339,2015-09-10,18.25,18.41,18.04,18.25
338,2015-09-09,18.55,19.07,18.25,18.32
337,2015-09-08,19.26,19.395,18.52,18.53
336,2015-09-04,19.55,19.8,19.01,19.24
335,2015-09-03,19.29,20.07,19.07,19.69
334,2015-09-02,18.77,19.01,18.52,18.93
333,2015-09-01,19.01,19.19,18.52,18.52
332,2015-08-31,19.22,20.1023,18.81,19.22
331,2015-08-28,18.89,19.9,18.72,19.07
330,2015-08-27,17.74,18.79,17.409,18.68
329,2015-08-26,17.64,17.64,17.2,17.3
328,2015-08-25,18.99,18.99,17.22,17.71
327,2015-08-24,17.1825,18.61,16.33,18.23
326,2015-08-21,18.0,18.07,17.83,17.87
325,2015-08-20,18.4,18.533,18.0,18.06
324,2015-08-19,18.3,18.73,18.02,18.61
323,2015-08-18,18.65,19.16,18.364,18.51
322,2015-08-17,18.86,19.1748,18.65,18.73
321,2015-08-14,18.64,19.31,18.64,19.09
320,2015-08-13,19.08,19.34,18.61,18.75
319,2015-08-12,18.39,19.5,18.12,19.34
318,2015-08-11,18.72,18.81,18.01,18.71
317,2015-08-10,18.3,19.01,18.0,19.0
316,2015-08-07,18.32,18.7585,18.0,18.18
315,2015-08-06,19.34,19.34,17.8,18.39
314,2015-08-05,20.17,20.4043,19.35,19.63
313,2015-08-04,20.51,20.71,19.73,19.82
312,2015-08-03,20.96,21.25,20.21,20.61
311,2015-07-31,21.2,21.77,20.9,21.28
310,2015-07-30,19.99,21.25,19.99,21.08
309,2015-07-29,19.58,20.36,19.1,19.94
308,2015-07-28,19.34,19.67,18.98,19.66
307,2015-07-27,19.71,19.925,18.97,19.14
306,2015-07-24,19.8,20.12,19.8,19.93
305,2015-07-23,19.86,20.49,19.531,20.0
304,2015-07-22,21.29,21.29,19.82,19.88
303,2015-07-21,20.88,21.55,20.88,21.2
302,2015-07-20,21.62,21.88,20.85,20.88
301,2015-07-17,21.65,21.95,21.25,21.51
300,2015-07-16,21.25,21.77,21.04,21.68
299,2015-07-15,21.06,21.69,20.86,20.97
298,2015-07-14,22.03,22.48,20.83,21.28
297,2015-07-13,21.42,22.3,21.4,21.92
296,2015-07-10,21.27,21.65,21.0,21.4
295,2015-07-09,20.63,21.68,20.61,21.0
294,2015-07-08,21.35,21.81,20.42,20.5
293,2015-07-07,21.75,21.9061,20.42,21.35
292,2015-07-06,22.66,22.79,21.55,21.75
291,2015-07-02,22.5,23.14,22.5,22.73
290,2015-07-01,23.07,23.15,22.46,22.49
289,2015-06-30,23.13,23.5,22.645,22.88
288,2015-06-29,22.96,23.14,22.52,22.99
287,2015-06-26,23.13,23.9,22.81,23.19
286,2015-06-25,23.07,23.46,23.0,23.39
285,2015-06-24,22.97,23.19,22.91,23.05
284,2015-06-23,22.99,23.16,22.71,22.85
283,2015-06-22,25.32,25.45,25.0,25.0
282,2015-06-19,25.23,25.32,24.9,25.32
281,2015-06-18,25.0,25.41,24.7654,25.11
280,2015-06-17,25.06,25.49,24.76,24.9
279,2015-06-16,24.88,25.0,24.6,24.77
278,2015-06-15,24.48,24.95,24.48,24.88
277,2015-06-12,24.4,24.79,24.285,24.4
276,2015-06-11,24.45,24.766,24.4,24.42
275,2015-06-10,24.75,24.975,24.26,24.38
274,2015-06-09,24.26,24.95,24.2,24.56
273,2015-06-08,24.77,25.3945,24.29,24.29
272,2015-06-05,24.03,24.794,23.91,24.72
271,2015-06-04,24.56,24.87,24.0,24.03
270,2015-06-03,25.39,25.43,24.57,24.66
269,2015-06-02,25.74,25.74,24.7,25.17
268,2015-06-01,25.41,25.78,25.07,25.6
267,2015-05-29,25.8,25.84,25.3,25.5
266,2015-05-28,26.0,26.15,25.38,25.65
265,2015-05-27,26.5,26.5,25.7905,25.85
264,2015-05-26,26.87,26.986,26.305,26.5
263,2015-05-22,26.68,26.68,26.145,26.49
262,2015-05-21,26.73,26.77,25.86,26.31
261,2015-05-20,26.59,26.59,25.8,26.3
260,2015-05-19,27.58,27.58,26.37,26.37
259,2015-05-18,26.87,27.49,26.2847,27.31
258,2015-05-15,25.66,26.6,25.55,26.43
257,2015-05-14,25.6,26.23,25.51,25.52
256,2015-05-13,25.87,26.095,25.45,25.61
255,2015-05-12,25.81,26.635,25.58,25.81
254,2015-05-11,26.0,26.5,26.0,26.29
253,2015-05-08,26.19,26.4899,25.885,25.99
252,2015-05-07,27.32,27.32,25.88,26.01
251,2015-05-06,28.04,28.34,27.47,27.58
250,2015-05-05,29.35,29.44,27.82,27.93
249,2015-05-04,29.0,29.45,28.76,29.28
248,2015-05-01,28.78,29.0,28.46,29.0
247,2015-04-30,29.0,29.0,27.59,28.52
246,2015-04-29,28.5,28.69,28.25,28.54
245,2015-04-28,28.79,28.79,28.24,28.5
244,2015-04-27,28.68,28.84,28.04,28.24
243,2015-04-24,28.01,28.34,27.546,28.27
242,2015-04-23,28.24,28.46,27.8,28.07
241,2015-04-22,27.21,27.97,27.21,27.85
240,2015-04-21,26.5,27.65,26.1001,27.2
239,2015-04-20,26.16,26.16,25.75,25.93
238,2015-04-17,26.66,26.89,25.86,26.01
237,2015-04-16,27.0,27.0,26.65,26.67
236,2015-04-15,27.17,27.6886,26.9,26.99
235,2015-04-14,27.19,27.21,26.91,26.94
234,2015-04-13,27.31,27.43,26.95,27.015
233,2015-04-10,27.3,27.3,26.8,27.04
232,2015-04-09,27.17,27.232,26.83,26.99
231,2015-04-08,26.89,27.08,26.5,26.88
230,2015-04-07,26.37,27.47,25.92,26.44
229,2015-04-06,24.25,26.1899,24.25,25.9
228,2015-04-02,24.1,24.65,23.69,23.95
227,2015-04-01,24.84,24.84,24.12,24.12
226,2015-03-31,24.34,24.62,24.09,24.6
225,2015-03-30,24.83,25.25,24.52,24.71
224,2015-03-27,24.05,24.65,23.91,24.53
223,2015-03-26,24.01,24.29,23.5353,24.29
222,2015-03-25,24.22,24.296,23.411,23.86
221,2015-03-24,24.62,24.83,24.02,24.34
220,2015-03-23,24.5236,25.15,24.15,24.62
219,2015-03-20,24.58,24.9,24.45,24.59
218,2015-03-19,24.21,24.95,24.2,24.42
217,2015-03-18,23.78,24.72,23.62,24.42
216,2015-03-17,22.49,23.89,22.49,23.85
215,2015-03-16,22.9,23.234,22.28,22.63
214,2015-03-13,23.25,23.34,22.41,23.02
213,2015-03-12,23.63,24.25,23.3,23.36
212,2015-03-11,22.98,23.61,22.98,23.3
211,2015-03-10,24.2,24.3,22.78,22.98
210,2015-03-09,25.24,25.66,24.25,24.38
209,2015-03-06,25.49,25.78,24.8,24.88
208,2015-03-05,24.52,25.5594,24.52,25.41
207,2015-03-04,25.07,25.07,24.5,24.56
206,2015-03-03,25.43,25.43,24.645,25.0
205,2015-03-02,25.46,25.8,25.0,25.3
204,2015-02-27,25.25,25.83,25.21,25.44
203,2015-02-26,25.34,25.76,25.075,25.18
202,2015-02-25,25.46,25.6,25.15,25.42
201,2015-02-24,25.01,25.72,25.01,25.51
200,2015-02-23,25.06,25.667,24.73,25.05
199,2015-02-20,25.06,25.2,24.83,25.05
198,2015-02-19,24.87,25.5,24.73,24.95
197,2015-02-18,24.26,25.27,24.16,25.0
196,2015-02-17,24.3,24.8,24.07,24.31
195,2015-02-13,23.82,24.4,23.76,24.02
194,2015-02-12,23.42,24.3199,23.38,23.67
193,2015-02-11,23.95,24.11,23.2,23.2
192,2015-02-10,24.23,24.49,23.24,24.19
191,2015-02-09,24.9,25.3199,24.2,24.22
190,2015-02-06,25.0,25.21,24.69,24.85
189,2015-02-05,24.62,25.1,24.3301,24.77
188,2015-02-04,25.29,25.3464,24.19,24.57
187,2015-02-03,24.91,25.68,24.87,24.87
186,2015-02-02,25.47,25.63,24.66,24.73
185,2015-01-30,24.84,26.04,24.09,25.0
184,2015-01-29,22.52,25.465,22.52,25.08
183,2015-01-28,23.5,23.5,23.21,23.44
182,2015-01-27,23.45,23.8,23.22,23.54
181,2015-01-26,22.78,23.78,22.78,23.35
180,2015-01-23,22.5,23.27,22.36,23.04
179,2015-01-22,23.0,23.5001,22.51,22.64
178,2015-01-21,22.69,23.86,22.52,22.98
177,2015-01-20,22.45,22.92,22.3,22.56
176,2015-01-16,22.5,22.8699,22.32,22.51
175,2015-01-15,22.4,23.09,22.35,22.41
174,2015-01-14,22.34,22.88,22.3,22.39
173,2015-01-13,22.49,23.06,22.3,22.38
172,2015-01-12,23.83,23.83,22.52,22.52
171,2015-01-09,23.56,23.9,22.6035,23.48
170,2015-01-08,23.72,24.2692,23.4,23.86
169,2015-01-07,23.66,24.26,23.232,23.43
168,2015-01-06,24.08,24.08,23.0,23.24
167,2015-01-05,25.85,25.85,23.79,24.21
166,2015-01-02,25.73,26.53,24.87,26.41
165,2014-12-31,24.6,25.62,24.19,25.24
164,2014-12-30,24.92,25.59,23.98,24.76
163,2014-12-29,23.99,25.13,23.55,24.85
162,2014-12-26,25.41,25.41,23.5601,23.74
161,2014-12-24,24.87,25.4,24.4,25.07
160,2014-12-23,26.24,26.42,24.7737,25.3
159,2014-12-22,26.39,26.9299,25.62,26.11
158,2014-12-19,25.97,26.769,25.04,26.75
157,2014-12-18,26.95,27.27,24.665,25.27
156,2014-12-17,24.1,26.0,23.8,25.45
155,2014-12-16,23.15,24.4,23.15,24.04
154,2014-12-15,25.56,25.69,23.16,23.27
153,2014-12-12,25.09,25.2703,24.645,25.14
152,2014-12-11,26.84,27.05,25.31,25.72
151,2014-12-10,27.6,27.81,26.03,26.9
150,2014-12-09,26.9,28.0,25.7601,27.98
149,2014-12-08,28.0,28.72,26.6109,27.26
148,2014-12-05,27.36,28.62,27.36,28.44
147,2014-12-04,27.65,28.2527,26.67,27.58
146,2014-12-03,24.85,28.63,24.85,27.8
145,2014-12-02,24.83,26.26,24.66,24.8
144,2014-12-01,25.2,25.59,23.71,24.82
143,2014-11-28,26.05,26.07,24.49,25.55
142,2014-11-26,26.81,27.83,26.81,27.21
141,2014-11-25,26.34,27.2,26.34,26.99
140,2014-11-24,24.15,26.05,24.15,26.04
139,2014-11-21,23.73,24.35,23.49,24.05
138,2014-11-20,22.69,23.42,22.24,23.29
137,2014-11-19,22.25,23.1,22.06,22.87
136,2014-11-18,23.06,23.63,22.82,23.065
135,2014-11-17,23.21,23.24,22.631,23.02
134,2014-11-14,23.52,24.19,22.88,23.16
133,2014-11-13,24.72,25.805,23.63,23.66
132,2014-11-12,25.5,25.5,24.64,24.97
131,2014-11-11,26.15,26.395,25.53,25.53
130,2014-11-10,26.28,26.63,25.9,26.08
129,2014-11-07,25.97,26.8599,25.97,26.16
128,2014-11-06,26.04,26.16,25.14,25.75
127,2014-11-05,26.4,26.49,25.845,26.2
126,2014-11-04,26.99,27.0,25.76,26.0
125,2014-11-03,26.47,27.88,26.38,27.0
124,2014-10-31,26.43,27.01,26.27,26.76
123,2014-10-30,28.05,28.35,26.32,26.32
122,2014-10-29,25.6851,26.73,25.6851,26.35
121,2014-10-28,25.74,26.215,25.19,26.15
120,2014-10-27,26.22,26.7,25.55,25.65
119,2014-10-24,25.77,26.99,25.77,26.22
118,2014-10-23,26.63,26.8895,25.7,25.73
117,2014-10-22,27.42,27.433,26.43,26.58
116,2014-10-21,25.9,27.39,25.488,27.38
115,2014-10-20,26.69,26.73,25.37,25.85
114,2014-10-17,26.5,27.49,26.27,26.85
113,2014-10-16,23.49,26.56,23.49,26.17
112,2014-10-15,22.1,24.0,21.79,23.87
111,2014-10-14,25.47,25.554,23.8,23.82
110,2014-10-13,26.16,26.4,25.6301,25.76
109,2014-10-10,26.75,27.12,26.03,26.25
108,2014-10-09,29.07,29.07,26.82,26.99
107,2014-10-08,30.0,30.163,27.95,29.01
106,2014-10-07,30.93,30.95,30.02,30.02
105,2014-10-06,30.8,30.93,30.75,30.77
104,2014-10-03,30.61,31.0,30.58,30.75
103,2014-10-02,30.75,30.94,30.5,30.54
102,2014-10-01,30.5,30.85,30.45,30.78
101,2014-09-30,30.77,30.911,30.7,30.7
100,2014-09-29,31.0,31.0,30.65,30.8
99,2014-09-26,30.47,31.15,30.47,30.96
98,2014-09-25,30.5,30.9,30.4,30.75
97,2014-09-24,31.12,31.23,30.18,30.5
96,2014-09-23,32.4,32.92,31.93,32.3
95,2014-09-22,32.97,33.63,32.65,32.9
94,2014-09-19,32.51,33.68,32.45,33.19
93,2014-09-18,32.26,33.02,32.16,32.67
92,2014-09-17,31.7699,32.5,31.62,32.29
91,2014-09-16,29.65,31.72,29.65,31.59
90,2014-09-15,30.33,30.6,29.65,30.35
89,2014-09-12,30.41,30.85,30.15,30.4
88,2014-09-11,29.82,30.63,29.48,30.29
87,2014-09-10,30.12,30.77,28.85,30.0
86,2014-09-09,30.87,31.37,30.23,30.3
85,2014-09-08,31.05,31.48,30.61,30.96
84,2014-09-05,31.63,31.65,30.32,31.2
83,2014-09-04,33.22,33.54,31.63,31.63
82,2014-09-03,33.14,33.63,32.95,33.3
81,2014-09-02,33.51,33.51,32.9,33.08
80,2014-08-29,32.68,33.68,32.68,33.33
79,2014-08-28,33.18,33.84,32.74,32.75
78,2014-08-27,33.45,33.89,32.9,33.1
77,2014-08-26,33.75,34.01,32.5,33.48
76,2014-08-25,34.02,34.361,33.71,33.81
75,2014-08-22,34.38,34.38,33.0,34.09
74,2014-08-21,33.6,34.0,33.44,33.8
73,2014-08-20,33.5,34.0,33.1701,33.53
72,2014-08-19,32.71,33.48,32.69,33.21
71,2014-08-18,32.47,32.9,32.47,32.53
70,2014-08-15,31.91,32.46,31.89,32.29
69,2014-08-14,32.53,32.8699,31.61,31.98
68,2014-08-13,32.17,32.58,31.87,32.39
67,2014-08-12,32.42,32.7,32.0,32.26
66,2014-08-11,32.08,32.735,32.08,32.43
65,2014-08-08,31.69,32.0,31.33,31.98
64,2014-08-07,31.9,32.4,31.04,31.82
63,2014-08-06,32.65,33.76,31.81,31.9939
62,2014-08-05,33.03,33.1562,32.56,32.875
61,2014-08-04,34.5,34.7,33.16,33.32
60,2014-08-01,33.39,34.72,32.36,34.06
59,2014-07-31,31.74,33.84,31.51,33.4
58,2014-07-30,34.44,34.83,32.8101,33.28
57,2014-07-29,33.72,34.48,33.22,34.28
56,2014-07-28,33.25,33.9284,32.8,33.62
55,2014-07-25,33.22,33.45,33.14,33.39
54,2014-07-24,33.19,33.61,33.1,33.41
53,2014-07-23,33.25,33.47,32.7,33.46
52,2014-07-22,33.1,33.54,33.06,33.19
51,2014-07-21,33.49,33.78,32.75,33.05
50,2014-07-18,33.82,34.0,33.09,33.86
49,2014-07-17,32.27,34.08,32.27,33.92
48,2014-07-16,33.0,33.27,32.263,32.93
47,2014-07-15,32.24,32.93,31.9376,32.81
46,2014-07-14,32.15,32.89,31.75,32.47
45,2014-07-11,33.05,33.4,32.18,32.3
44,2014-07-10,31.65,33.94,31.6,33.24
43,2014-07-09,32.61,33.2389,32.11,32.84
42,2014-07-08,33.89,34.06,31.3332,32.8
41,2014-07-07,34.74,35.5175,33.6,34.14
40,2014-07-03,35.57,35.57,33.46,34.66
39,2014-07-02,37.27,37.27,34.72,35.57
38,2014-07-01,36.75,37.39,36.24,36.91
37,2014-06-30,35.84,36.75,35.39,36.39
36,2014-06-27,34.9,35.79,34.17,35.4
35,2014-06-26,33.42,34.77,32.681,34.7
34,2014-06-25,33.45,33.9099,30.5,33.57
33,2014-06-24,34.54,34.59,33.46,33.62
32,2014-06-23,36.44,36.49,33.51,34.49
31,2014-06-20,35.19,36.99,35.1,35.88
30,2014-06-19,33.97,34.99,33.9605,34.97
29,2014-06-18,33.8,35.23,33.36,33.9
28,2014-06-17,32.45,33.6697,32.4,33.26
27,2014-06-16,30.01,32.41,30.01,31.96
26,2014-06-13,30.0,30.0,29.27,29.83
25,2014-06-12,29.33,30.26,29.02,29.6
24,2014-06-11,28.88,29.42,28.85,28.93
23,2014-06-10,29.07,29.07,28.8,28.88
22,2014-06-09,28.9,29.15,28.7901,28.83
21,2014-06-06,28.6,29.08,28.6,28.72
20,2014-06-05,29.0,29.05,28.6,28.66
19,2014-06-04,28.56,29.25,28.56,28.89
18,2014-06-03,28.38,28.9,28.09,28.48
17,2014-06-02,27.17,28.81,27.17,27.95
16,2014-05-30,26.71,26.83,26.52,26.52
15,2014-05-29,26.6,27.37,26.5,26.52
14,2014-05-28,26.52,26.698,26.5,26.6
13,2014-05-27,26.75,26.9,26.5,26.56
12,2014-05-23,26.7,26.88,26.52,26.76
11,2014-05-22,26.89,26.89,26.58,26.65
10,2014-05-21,26.71,26.83,26.5,26.56
9,2014-05-20,27.0,27.08,26.66,26.75
8,2014-05-19,26.85,27.06,26.71,26.76
7,2014-05-16,26.63,27.2,26.5601,26.7
6,2014-05-15,27.29,27.44,26.6,26.7
5,2014-05-14,26.63,27.29,26.27,26.88
4,2014-05-13,27.0,27.22,26.2,26.7
3,2014-05-12,26.4,27.06,26.4,26.96
2,2014-05-09,26.72,26.89,26.1101,26.46
1,2014-05-08,26.3,26.98,26.2,26.41
0,2014-05-07,25.5,26.68,25.5,26.11
